0,-0.00032959
0.002,-0.00090332
0.004,-0.001013184
0.006,-0.000720214
0.008,-0.000720214
0.01,-0.00041504
0.012,-0.00024414
0.014,-0.000524902
0.016,-0.000817872
0.018,-0.000390624
0.02,-0.000402832
0.022,-8.54492E-05
0.024,-0.000012207
0.026,-0.000024414
0.028,0.000305176
0.03,-0.000378418
0.032,-0.00065918
0.034,-0.000817872
0.036,-0.000256348
0.038,-0.000622558
0.04,-0.000195312
0.042,-0.00024414
0.044,-0.000927734
0.046,-0.000842286
0.048,-0.000231934
0.05,-0.000219726
0.052,0.000305176
0.054,7.32422E-05
0.056,-0.000158691
0.058,-0.000842286
0.06,0.000280762
0.062,-0.000268554
0.064,-0.000769042
0.066,-0.00102539
0.068,-0.000634766
0.07,-0.00053711
0.072,-0.000708008
0.074,-0.000891114
0.076,-0.000952148
0.078,-0.000354004
0.08,-9.76562E-05
0.082,-0.000231934
0.084,-0.00057373
0.086,-0.00024414
0.088,0.000390624
0.09,-0.000134277
0.092,-0.000354004
0.094,-0.000463868
0.096,-0.00053711
0.098,-0.000280762
0.1,-0.000305176
0.102,-0.000622558
0.104,-0.00102539
0.106,-0.000769042
0.108,-0.00020752
0.11,-0.00065918
0.112,-0.000842286
0.114,-0.000976562
0.116,-0.000317382
0.118,-0.000183105
0.12,-0.000439454
0.122,-0.001525878
0.124,-0.00053711
0.126,-0.000231934
0.128,4.88282E-05
0.13,-0.00032959
0.132,-0.000305176
0.134,-0.000439454
0.136,-0.000341796
0.138,-0.000219726
0.14,-0.000170898
0.142,-0.000280762
0.144,-0.000561524
0.146,-0.000756836
0.148,-0.000427246
0.15,-0.000500488
0.152,-0.001000976
0.154,-0.00041504
0.156,0
0.158,-0.000256348
0.16,-0.000195312
0.162,-0.000476074
0.164,-0.000146484
0.166,-0.000341796
0.168,-0.00078125
0.17,-0.000671386
0.172,-0.00065918
0.174,-0.00065918
0.176,-0.00065918
0.178,-0.000317382
0.18,-0.000756836
0.182,-0.000476074
0.184,0.000280762
0.186,0.000354004
0.188,-0.00012207
0.19,-0.00032959
0.192,-0.00032959
0.194,-0.000292968
0.196,-0.00032959
0.198,0.000720214
0.2,0.001586914
0.202,0.000305176
0.204,-0.000964356
0.206,-0.000219726
0.208,-0.000305176
0.21,0.000634766
0.212,0.00098877
0.214,-0.000585938
0.216,-0.00111084
0.218,-0.000683594
0.22,-0.000793458
0.222,-4.88282E-05
0.224,-0.000390624
0.226,-0.002417
0.228,-0.001513672
0.23,0.000134277
0.232,-0.000830078
0.234,-0.001538086
0.236,-0.001135254
0.238,-0.00131836
0.24,-0.001220704
0.242,-0.00102539
0.244,-0.001037598
0.246,-0.000524902
0.248,-0.000708008
0.25,-0.000744628
0.252,-0.000195312
0.254,-0.00020752
0.256,-0.000646972
0.258,-0.000854492
0.26,-0.000231934
0.262,-0.000158691
0.264,-0.000402832
0.266,0.000036621
0.268,-0.000134277
0.27,0.000024414
0.272,-0.000354004
0.274,-0.000427246
0.276,0.000488282
0.278,0.000354004
0.28,-0.000158691
0.282,-0.000842286
0.284,-0.000439454
0.286,-0.000317382
0.288,-0.000390624
0.29,-0.000390624
0.292,-0.000793458
0.294,-0.000793458
0.296,-0.000024414
0.298,-7.32422E-05
0.3,-0.0006958
0.302,-9.76562E-05
0.304,0.00032959
0.306,-7.32422E-05
0.308,-0.000183105
0.31,-0.000646972
0.312,-0.00032959
0.314,0.000341796
0.316,-0.000012207
0.318,-0.00024414
0.32,-0.000671386
0.322,-0.000231934
0.324,-9.76562E-05
0.326,0.000646972
0.328,-0.000488282
0.33,0.000134277
0.332,-0.000732422
0.334,-0.000476074
0.336,-0.001220704
0.338,-0.000830078
0.34,-0.000927734
0.342,-0.000976562
0.344,-0.001184082
0.346,-0.001489258
0.348,-0.000842286
0.35,-0.000109863
0.352,0.000622558
0.354,0.000561524
0.356,-0.001281738
0.358,-0.001257324
0.36,-7.32422E-05
0.362,-0.000012207
0.364,-0.000354004
0.366,-0.000671386
0.368,-0.00098877
0.37,-0.0015625
0.372,-0.000793458
0.374,-0.00057373
0.376,-0.0006958
0.378,-0.000195312
0.38,-0.000305176
0.382,0.000109863
0.384,-0.00041504
0.386,-7.32422E-05
0.388,0.00045166
0.39,-0.00024414
0.392,-0.000256348
0.394,-0.000402832
0.396,-0.000146484
0.398,0.00012207
0.4,0.000378418
0.402,0.001135254
0.404,6.10352E-05
0.406,-0.000390624
0.408,-0.000146484
0.41,-0.000830078
0.412,-0.00020752
0.414,-0.000036621
0.416,-0.00041504
0.418,-0.000842286
0.42,-0.001306152
0.422,-0.001489258
0.424,-0.001013184
0.426,-0.000878906
0.428,-0.000805664
0.43,-0.000720214
0.432,-0.00024414
0.434,-0.000476074
0.436,-0.000488282
0.438,-0.000561524
0.44,-0.000927734
0.442,-0.000463868
0.444,-0.000280762
0.446,0.000268554
0.448,-0.000378418
0.45,-0.001135254
0.452,-0.000842286
0.454,-0.000317382
0.456,-0.000170898
0.458,-9.76562E-05
0.46,-0.000219726
0.462,-0.000292968
0.464,-0.000769042
0.466,-0.00024414
0.468,-0.000219726
0.47,-0.000231934
0.472,-0.000354004
0.474,-0.000500488
0.476,-0.000183105
0.478,-0.000378418
0.48,0
0.482,-0.000256348
0.484,-8.54492E-05
0.486,0.000158691
0.488,-0.000256348
0.49,0.00036621
0.492,-0.000024414
0.494,-0.000476074
0.496,-0.000354004
0.498,-0.000256348
0.5,-0.000378418
0.502,-0.000732422
0.504,-0.000390624
0.506,0.00012207
0.508,-0.000622558
0.51,-0.000634766
0.512,-0.000183105
0.514,-0.000195312
0.516,-0.000634766
0.518,-0.00065918
0.52,-0.000109863
0.522,-0.00041504
0.524,-0.000634766
0.526,-0.00078125
0.528,-0.000195312
0.53,-0.000146484
0.532,0.000231934
0.534,-9.76562E-05
0.536,-0.000598144
0.538,-0.001062012
0.54,-0.000317382
0.542,0.000231934
0.544,-0.000463868
0.546,-0.0008667
0.548,-0.001037598
0.55,-0.00102539
0.552,-0.000488282
0.554,-0.000378418
0.556,-0.000439454
0.558,-0.0006958
0.56,-0.00036621
0.562,-0.000805664
0.564,0.000256348
0.566,0.000439454
0.568,-0.00057373
0.57,-0.000158691
0.572,-0.000549316
0.574,0.000280762
0.576,0.000500488
0.578,6.10352E-05
0.58,-0.000598144
0.582,-0.000488282
0.584,-0.000512696
0.586,-0.000317382
0.588,-0.000610352
0.59,-0.000683594
0.592,-0.000622558
0.594,-0.000292968
0.596,-0.000439454
0.598,-0.000634766
0.6,-0.000622558
0.602,0.00053711
0.604,0.000158691
0.606,-0.000500488
0.608,-0.00020752
0.61,-0.000158691
0.612,-0.000524902
0.614,-0.000622558
0.616,-0.00036621
0.618,-0.000793458
0.62,-0.000634766
0.622,-0.000732422
0.624,-0.00065918
0.626,-0.00053711
0.628,-0.00036621
0.63,-0.000439454
0.632,-0.000146484
0.634,-6.10352E-05
0.636,8.54492E-05
0.638,0.000134277
0.64,0.000183105
0.642,-0.000268554
0.644,-0.000390624
0.646,0.00024414
0.648,6.10352E-05
0.65,7.32422E-05
0.652,-0.00020752
0.654,-0.000842286
0.656,-0.00065918
0.658,-0.000598144
0.66,-0.00012207
0.662,-0.000744628
0.664,-0.0008667
0.666,-0.000793458
0.668,-0.000561524
0.67,-0.000219726
0.672,-0.000476074
0.674,-0.00053711
0.676,-0.000524902
0.678,-0.000463868
0.68,-0.000183105
0.682,-0.000134277
0.684,-4.88282E-05
0.686,-0.00032959
0.688,-0.000305176
0.69,-0.000354004
0.692,-0.000170898
0.694,-0.000109863
0.696,-0.000427246
0.698,-0.000390624
0.7,-0.000378418
0.702,-0.000317382
0.704,-0.00032959
0.706,-0.000378418
0.708,-0.000305176
0.71,-0.000231934
0.712,-9.76562E-05
0.714,-0.000146484
0.716,-0.000317382
0.718,-0.000219726
0.72,0.000158691
0.722,8.54492E-05
0.724,-0.000109863
0.726,0.000024414
0.728,-0.000427246
0.73,-0.000195312
0.732,-0.000183105
0.734,-0.000158691
0.736,-0.00020752
0.738,-0.00041504
0.74,-4.88282E-05
0.742,-0.000134277
0.744,-0.00032959
0.746,-0.000183105
0.748,-0.000146484
0.75,4.88282E-05
0.752,-8.54492E-05
0.754,-0.00053711
0.756,-7.32422E-05
0.758,-0.000256348
0.76,-0.000402832
0.762,-0.000842286
0.764,-0.000500488
0.766,-0.000793458
0.768,-0.000622558
0.77,-0.000134277
0.772,-0.000292968
0.774,-0.00102539
0.776,-0.000427246
0.778,-4.88282E-05
0.78,-0.000378418
0.782,-6.10352E-05
0.784,-0.000280762
0.786,-0.00032959
0.788,-0.000292968
0.79,-0.000817872
0.792,-0.000427246
0.794,-0.00032959
0.796,-0.000134277
0.798,-0.000268554
0.8,-0.000305176
0.802,6.10352E-05
0.804,-6.10352E-05
0.806,-0.0006958
0.808,0.000024414
0.81,-8.54492E-05
0.812,-0.000170898
0.814,-0.000341796
0.816,-0.000585938
0.818,-0.00078125
0.82,-0.000646972
0.822,-0.000646972
0.824,-0.001049804
0.826,-0.000817872
0.828,-0.000549316
0.83,-0.000305176
0.832,-0.00053711
0.834,-0.000109863
0.836,0.000256348
0.838,0.000219726
0.84,-0.000219726
0.842,-0.000183105
0.844,-0.000390624
0.846,-0.000256348
0.848,0.000012207
0.85,-0.000598144
0.852,-0.0006958
0.854,-0.00020752
0.856,-0.001049804
0.858,-0.000610352
0.86,-9.76562E-05
0.862,-0.000317382
0.864,-0.000598144
0.866,-0.000109863
0.868,0.000390624
0.87,0.000439454
0.872,-0.0008667
0.874,-0.000268554
0.876,0.000756836
0.878,0.000317382
0.88,-0.001000976
0.882,-0.001000976
0.884,-0.000341796
0.886,0.000012207
0.888,-0.000793458
0.89,-0.001208496
0.892,-0.001281738
0.894,-0.000878906
0.896,-0.000378418
0.898,-0.00032959
0.9,-0.000512696
0.902,-0.000671386
0.904,-0.000378418
0.906,-8.54492E-05
0.908,-0.000109863
0.91,0.000500488
0.912,0.000170898
0.914,0.000439454
0.916,-0.000280762
0.918,-0.000793458
0.92,-0.000378418
0.922,-0.000134277
0.924,-0.000280762
0.926,-0.00078125
0.928,-0.001257324
0.93,-0.000964356
0.932,-0.00053711
0.934,-0.000341796
0.936,-8.54492E-05
0.938,0.000354004
0.94,0.000354004
0.942,-9.76562E-05
0.944,0.000439454
0.946,4.88282E-05
0.948,0.000219726
0.95,-0.000891114
0.952,-0.000805664
0.954,-0.000488282
0.956,-0.00102539
0.958,-0.00123291
0.96,-0.001013184
0.962,-0.000915528
0.964,-0.000744628
0.966,-0.000500488
0.968,-0.000390624
0.97,-0.000390624
0.972,-0.000268554
0.974,-0.00032959
0.976,-0.000463868
0.978,-0.000500488
0.98,-0.000769042
0.982,9.76562E-05
0.984,-0.000549316
0.986,-0.000585938
0.988,-0.000231934
0.99,-0.000610352
0.992,-0.000268554
0.994,0.000134277
0.996,-6.10352E-05
0.998,-0.000488282
1,-0.000305176
1.002,-0.00024414
1.004,-6.10352E-05
1.006,-0.00020752
1.008,-0.000268554
1.01,-0.00036621
1.012,-0.000646972
1.014,-0.000292968
1.016,-0.000195312
1.018,-0.000512696
1.02,-0.000598144
1.022,-0.000476074
1.024,-0.000183105
1.026,-0.000256348
1.028,-0.000292968
1.03,-0.00020752
1.032,-0.000158691
1.034,-0.00020752
1.036,-0.000317382
1.038,-0.000268554
1.04,-0.000012207
1.042,-6.10352E-05
1.044,-0.00024414
1.046,-0.000292968
1.048,-0.000195312
1.05,-0.000476074
1.052,-0.000488282
1.054,0
1.056,0
1.058,-0.000219726
1.06,-0.00045166
1.062,-0.000146484
1.064,-0.000195312
1.066,0.000231934
1.068,-0.00036621
1.07,-0.000158691
1.072,-0.00078125
1.074,-0.000610352
1.076,-0.00024414
1.078,0.000598144
1.08,0.000024414
1.082,-0.000292968
1.084,-0.001171876
1.086,-0.0006958
1.088,-0.000610352
1.09,-0.000476074
1.092,-0.000732422
1.094,-0.00053711
1.096,-0.000976562
1.098,-0.001159668
1.1,-0.000756836
1.102,-0.00024414
1.104,-0.000561524
1.106,0.000146484
1.108,-0.000170898
1.11,-0.000585938
1.112,-0.000524902
1.114,9.76562E-05
1.116,-0.000109863
1.118,-0.000622558
1.12,-0.00090332
1.122,-0.000952148
1.124,-0.000439454
1.126,-0.000598144
1.128,-0.0006958
1.13,-0.000830078
1.132,-0.00036621
1.134,-9.76562E-05
1.136,-0.00057373
1.138,-0.001013184
1.14,-0.000402832
1.142,-0.000317382
1.144,-0.00053711
1.146,-0.000549316
1.148,-0.00020752
1.15,-0.000134277
1.152,-0.000292968
1.154,7.32422E-05
1.156,0.000170898
1.158,0.000292968
1.16,-8.54492E-05
1.162,6.10352E-05
1.164,-0.000134277
1.166,0.000512696
1.168,-0.000183105
1.17,-0.000427246
1.172,-0.00041504
1.174,-0.000512696
1.176,-0.000402832
1.178,-0.000622558
1.18,-0.00053711
1.182,-0.000280762
1.184,-0.000439454
1.186,-0.000354004
1.188,-0.000012207
1.19,-0.000463868
1.192,0.000012207
1.194,0.000292968
1.196,0.000219726
1.198,-0.000488282
1.2,0.000317382
1.202,-0.000341796
1.204,-0.000476074
1.206,-0.000024414
1.208,0.000292968
1.21,-0.000231934
1.212,-0.001049804
1.214,-0.001245118
1.216,-0.000378418
1.218,-0.000280762
1.22,-0.000585938
1.222,-0.000646972
1.224,-0.000671386
1.226,-0.001074218
1.228,-0.000500488
1.23,-0.000280762
1.232,-0.000476074
1.234,-0.000769042
1.236,-0.000476074
1.238,8.54492E-05
1.24,-0.000610352
1.242,-0.000769042
1.244,-0.000744628
1.246,-0.000683594
1.248,-0.000195312
1.25,-0.000354004
1.252,-0.000646972
1.254,-0.00078125
1.256,-0.000830078
1.258,-0.00036621
1.26,-7.32422E-05
1.262,-0.000488282
1.264,-0.00045166
1.266,-0.000158691
1.268,-0.000158691
1.27,-0.00045166
1.272,-0.000671386
1.274,-0.00045166
1.276,-0.000146484
1.278,-0.000170898
1.28,-0.000109863
1.282,-0.000305176
1.284,-0.000219726
1.286,-0.000598144
1.288,-0.000317382
1.29,0.000024414
1.292,-0.00024414
1.294,-0.000427246
1.296,-0.000231934
1.298,-0.000305176
1.3,-0.000427246
1.302,-0.000732422
1.304,-6.10352E-05
1.306,-0.00041504
1.308,0.00020752
1.31,-0.000219726
1.312,-0.0008667
1.314,-0.000512696
1.316,-0.000524902
1.318,-0.000463868
1.32,-0.000390624
1.322,-0.000390624
1.324,-0.000646972
1.326,-0.000744628
1.328,-0.000549316
1.33,-0.000231934
1.332,0.000109863
1.334,-0.000268554
1.336,-0.00053711
1.338,-0.000476074
1.34,0.000268554
1.342,0.000012207
1.344,-0.00057373
1.346,-0.000830078
1.348,-0.000476074
1.35,-0.000256348
1.352,-0.000622558
1.354,-0.000524902
1.356,-0.000646972
1.358,-0.000891114
1.36,-0.000500488
1.362,0.000012207
1.364,0.000146484
1.366,-0.00036621
1.368,-0.000524902
1.37,-0.00036621
1.372,-9.76562E-05
1.374,-8.54492E-05
1.376,-0.000170898
1.378,-0.001000976
1.38,-0.000939942
1.382,-0.000842286
1.384,-0.00045166
1.386,-0.000512696
1.388,-0.000341796
1.39,-0.000891114
1.392,-0.000683594
1.394,7.32422E-05
1.396,0.00032959
1.398,0.00065918
1.4,8.54492E-05
1.402,-0.000744628
1.404,-0.000598144
1.406,0.000024414
1.408,0.000231934
1.41,-0.00024414
1.412,-0.000549316
1.414,-0.00057373
1.416,-0.000927734
1.418,-0.000769042
1.42,-0.000744628
1.422,-0.000256348
1.424,-0.000268554
1.426,-0.000024414
1.428,-0.000463868
1.43,-0.000964356
1.432,-0.000463868
1.434,-0.000158691
1.436,-0.000024414
1.438,-0.000891114
1.44,-0.000256348
1.442,-0.000439454
1.444,-0.000256348
1.446,-0.000622558
1.448,-0.000585938
1.45,-0.000500488
1.452,-0.00045166
1.454,-0.000585938
1.456,-0.000500488
1.458,-0.00032959
1.46,-0.000634766
1.462,-0.000476074
1.464,-0.00024414
1.466,-0.000341796
1.468,-0.000634766
1.47,-0.000305176
1.472,-0.000305176
1.474,-0.000280762
1.476,-0.00045166
1.478,-0.000854492
1.48,-0.00065918
1.482,-0.000158691
1.484,6.10352E-05
1.486,-0.000280762
1.488,-0.00065918
1.49,-0.000390624
1.492,-0.000280762
1.494,-0.000036621
1.496,0.000256348
1.498,-0.000390624
1.5,-0.00020752
1.502,0.000012207
1.504,-0.000268554
1.506,-9.76562E-05
1.508,7.32422E-05
1.51,-0.000854492
1.512,-0.000512696
1.514,-0.000512696
1.516,0.000036621
1.518,-0.00098877
1.52,-0.001123046
1.522,-0.000769042
1.524,-0.000842286
1.526,-0.000854492
1.528,-0.001037598
1.53,-0.000817872
1.532,-0.000402832
1.534,-0.000646972
1.536,-0.00057373
1.538,-0.000317382
1.54,-0.000158691
1.542,-0.00012207
1.544,-0.000134277
1.546,0.000732422
1.548,7.32422E-05
1.55,0.000024414
1.552,-0.000708008
1.554,-0.00020752
1.556,-0.000256348
1.558,-0.000231934
1.56,-0.00045166
1.562,-0.000976562
1.564,-0.000720214
1.566,-0.000878906
1.568,-0.000744628
1.57,-0.000854492
1.572,-0.00036621
1.574,-0.000317382
1.576,-0.00041504
1.578,-0.000378418
1.58,-0.00057373
1.582,-0.000561524
1.584,-0.000024414
1.586,0.000134277
1.588,-0.000134277
1.59,-0.000134277
1.592,-0.00032959
1.594,-0.00012207
1.596,-0.000756836
1.598,-0.000183105
1.6,-0.000183105
1.602,0.000036621
1.604,-0.000390624
1.606,-0.001293946
1.608,-0.000708008
1.61,-0.0008667
1.612,-0.000610352
1.614,-0.00065918
1.616,-0.00036621
1.618,-0.000976562
1.62,-0.001086426
1.622,-0.001049804
1.624,-0.000732422
1.626,-0.000500488
1.628,-0.000231934
1.63,-0.000280762
1.632,-0.000683594
1.634,7.32422E-05
1.636,7.32422E-05
1.638,-0.00012207
1.64,-0.000292968
1.642,-0.000524902
1.644,7.32422E-05
1.646,-0.000390624
1.648,-0.000378418
1.65,-0.000305176
1.652,-0.000024414
1.654,-0.00057373
1.656,-0.000500488
1.658,8.54492E-05
1.66,-0.000805664
1.662,-0.000744628
1.664,-0.00032959
1.666,-0.000500488
1.668,-0.000512696
1.67,-0.000646972
1.672,-0.00090332
1.674,-0.000915528
1.676,-0.0008667
1.678,-0.00098877
1.68,-0.000500488
1.682,-0.00045166
1.684,-0.000805664
1.686,-0.000683594
1.688,0.000305176
1.69,7.32422E-05
1.692,-0.000756836
1.694,-0.00057373
1.696,-0.000268554
1.698,-0.00012207
1.7,6.10352E-05
1.702,0.000183105
1.704,0.000280762
1.706,-0.000952148
1.708,-0.000817872
1.71,0.000524902
1.712,0.000549316
1.714,-0.000390624
1.716,-0.000610352
1.718,-0.000256348
1.72,-0.000305176
1.722,-0.000671386
1.724,-0.001184082
1.726,-0.000756836
1.728,-0.00098877
1.73,-0.000708008
1.732,-0.000292968
1.734,-0.000183105
1.736,-0.001062012
1.738,-0.001098632
1.74,-0.000854492
1.742,0.00020752
1.744,-0.000561524
1.746,-0.000769042
1.748,-0.001184082
1.75,-0.00065918
1.752,-0.000671386
1.754,-0.00078125
1.756,0.00012207
1.758,-0.000500488
1.76,-0.001428222
1.762,-0.000634766
1.764,-0.00032959
1.766,-0.000561524
1.768,-0.00057373
1.77,-0.00045166
1.772,-0.000646972
1.774,-0.000683594
1.776,0
1.778,-0.000183105
1.78,0.00057373
1.782,-0.000024414
1.784,-0.000671386
1.786,-0.00045166
1.788,0.000012207
1.79,-0.000024414
1.792,-0.000671386
1.794,-0.000720214
1.796,-0.00041504
1.798,-0.000854492
1.8,-0.001220704
1.802,-0.000170898
1.804,-0.000354004
1.806,-0.000646972
1.808,-0.000354004
1.81,-0.000500488
1.812,-0.000793458
1.814,-0.000500488
1.816,-0.000268554
1.818,-0.000268554
1.82,0.00012207
1.822,0.00045166
1.824,-4.88282E-05
1.826,-0.00045166
1.828,-0.001000976
1.83,-0.00053711
1.832,0.000195312
1.834,0.000170898
1.836,-0.000183105
1.838,-0.0006958
1.84,-0.000622558
1.842,-0.00032959
1.844,-0.000134277
1.846,-0.000183105
1.848,-0.00119629
1.85,-0.0008667
1.852,-0.000549316
1.854,-0.00045166
1.856,-0.00020752
1.858,-0.001220704
1.86,-0.001586914
1.862,-7.32422E-05
1.864,-0.0008667
1.866,-0.000756836
1.868,-0.000476074
1.87,-0.000231934
1.872,-0.00045166
1.874,-0.00078125
1.876,-0.000439454
1.878,-0.000646972
1.88,-0.000463868
1.882,-0.000280762
1.884,-0.000280762
1.886,-0.001049804
1.888,-0.00024414
1.89,0.000305176
1.892,-0.000390624
1.894,-0.000732422
1.896,-0.000610352
1.898,0.000488282
1.9,0.000341796
1.902,0.000646972
1.904,0.00235596
1.906,0.002417
1.908,-0.00114746
1.91,-0.00123291
1.912,0.001000976
1.914,-0.000964356
1.916,-0.000012207
1.918,-0.001660156
1.92,-0.0026123
1.922,-0.00264892
1.924,-0.0026123
1.926,-0.0020752
1.928,-0.001464844
1.93,-0.001586914
1.932,-0.000854492
1.934,-0.00020752
1.936,0.000402832
1.938,0.000219726
1.94,0.000195312
1.942,-9.76562E-05
1.944,-0.00078125
1.946,0.00045166
1.948,-0.000341796
1.95,-0.00032959
1.952,-0.000585938
1.954,-0.000524902
1.956,-0.000195312
1.958,0.000390624
1.96,0.001000976
1.962,0.00135498
1.964,0.000500488
1.966,0.00373536
1.968,0.002417
1.97,0.00344238
1.972,0.00546876
1.974,0.0025879
1.976,-0.000671386
1.978,0.00223388
1.98,-0.0020996
1.982,-0.00301514
1.984,-0.00180664
1.986,-0.00332032
1.988,-0.00435792
1.99,-0.00386962
1.992,-0.00438232
1.994,-0.0050293
1.996,-0.00390624
1.998,-0.001049804
2,-0.001330566
2.002,-0.001452636
2.004,-0.000305176
2.006,-0.000634766
2.008,-0.00135498
2.01,-0.001599122
2.012,-0.000598144
2.014,-0.000402832
2.016,-0.001049804
2.018,-0.000891114
2.02,-0.000292968
2.022,-0.00020752
2.024,-0.00036621
2.026,-0.001171876
2.028,-0.0008667
2.03,0.00012207
2.032,-0.000195312
2.034,-0.000634766
2.036,-0.000256348
2.038,-0.000256348
2.04,9.76562E-05
2.042,-0.00032959
2.044,-0.000439454
2.046,0.000231934
2.048,0.000671386
2.05,0.001464844
2.052,0.000378418
2.054,-0.000146484
2.056,0.000842286
2.058,0.001721192
2.06,0.001513672
2.062,0.0022583
2.064,0.000939942
2.066,-0.000146484
2.068,0.000341796
2.07,0.001660156
2.072,0.001257324
2.074,0.000268554
2.076,-0.000756836
2.078,-7.32422E-05
2.08,0.001184082
2.082,0.00098877
2.084,0.00471192
2.086,0.00447998
2.088,-0.001489258
2.09,-0.00102539
2.092,-0.000793458
2.094,-0.0020752
2.096,-0.00305176
2.098,-0.00250244
2.1,-0.00588378
2.102,-0.00576172
2.104,-0.00596924
2.106,-0.00637208
2.108,-0.00507812
2.11,-0.00301514
2.112,-0.00180664
2.114,-0.000622558
2.116,-0.000292968
2.118,-0.000524902
2.12,-0.000671386
2.122,-0.000500488
2.124,-0.000109863
2.126,-6.10352E-05
2.128,-0.000292968
2.13,0.000012207
2.132,0.00045166
2.134,7.32422E-05
2.136,0.000183105
2.138,0.000036621
2.14,0.000280762
2.142,-0.00020752
2.144,0.00065918
2.146,-0.000915528
2.148,-0.000549316
2.15,-0.000463868
2.152,-0.000732422
2.154,-0.000134277
2.156,8.54492E-05
2.158,-0.0008667
2.16,0.000317382
2.162,-0.000170898
2.164,-0.000671386
2.166,-0.000732422
2.168,0.000183105
2.17,0.00041504
2.172,0.001574708
2.174,0.0022461
2.176,0.00407714
2.178,0.00349122
2.18,0.00498046
2.182,0.001208496
2.184,-0.00439454
2.186,-0.000793458
2.188,0.001660156
2.19,-0.000769042
2.192,-0.0036499
2.194,-0.00529786
2.196,-0.00579834
2.198,-0.00598144
2.2,-0.00305176
2.202,-0.000939942
2.204,0.001379394
2.206,0.00374756
2.208,0.00341796
2.21,0.000830078
2.212,-0.001489258
2.214,-0.001184082
2.216,0.001074218
2.218,0.000830078
2.22,-0.00135498
2.222,-0.00307618
2.224,-0.00361328
2.226,-0.00334472
2.228,-0.00290528
2.23,-0.00234376
2.232,-0.001123046
2.234,-0.000158691
2.236,-0.000439454
2.238,0.000036621
2.24,0.00032959
2.242,0.000769042
2.244,0.00041504
2.246,0.000805664
2.248,0.000134277
2.25,0.001135254
2.252,-0.000146484
2.254,-0.000439454
2.256,-0.001367188
2.258,-0.000646972
2.26,0.000952148
2.262,0.000305176
2.264,0.000305176
2.266,0.001293946
2.268,0.001525878
2.27,0.00239258
2.272,-0.000024414
2.274,8.54492E-05
2.276,-0.00189209
2.278,-0.000146484
2.28,0.001086426
2.282,0.000769042
2.284,-0.000183105
2.286,-0.00476074
2.288,-0.0036377
2.29,-0.00252686
2.292,0.00036621
2.294,0.00213624
2.296,0.000598144
2.298,-0.000109863
2.3,-0.00206298
2.302,-0.00378418
2.304,-0.00220948
2.306,-0.000036621
2.308,-0.000561524
2.31,-0.00135498
2.312,-0.001159668
2.314,-0.00234376
2.316,-0.00272216
2.318,-0.00135498
2.32,-0.000549316
2.322,0.000769042
2.324,0.001049804
2.326,-0.000488282
2.328,-0.000952148
2.33,-6.10352E-05
2.332,0.00041504
2.334,0.000769042
2.336,-0.000195312
2.338,-0.000854492
2.34,-0.000305176
2.342,8.54492E-05
2.344,-0.000024414
2.346,0.00057373
2.348,-0.00114746
2.35,-0.000769042
2.352,-0.000195312
2.354,0.000878906
2.356,0.0015625
2.358,-0.000256348
2.36,0.001525878
2.362,-0.00045166
2.364,0.001000976
2.366,-0.00024414
2.368,-0.001757812
2.37,-0.001123046
2.372,-0.000280762
2.374,-0.000512696
2.376,-0.00164795
2.378,-0.00351562
2.38,-0.00272216
2.382,-0.001000976
2.384,0.000634766
2.386,0.00045166
2.388,-0.001257324
2.39,0.000976562
2.392,0.00135498
2.394,0.000231934
2.396,0.000964356
2.398,-0.001013184
2.4,-0.0036377
2.402,-0.00197754
2.404,8.54492E-05
2.406,-0.00285644
2.408,-0.00217286
2.41,-0.00305176
2.412,-0.0043335
2.414,-0.001916504
2.416,4.88282E-05
2.418,0.001257324
2.42,0.00233154
2.422,0.00180664
2.424,-0.001574708
2.426,0.00032959
2.428,0.000720214
2.43,0.000524902
2.432,-0.0008667
2.434,-0.00078125
2.436,-0.000561524
2.438,-0.0020752
2.44,-0.0026001
2.442,-0.001245118
2.444,0.000793458
2.446,0.00288086
2.448,0.00343018
2.45,0.00229492
2.452,0.00314942
2.454,0.00360108
2.456,0.000158691
2.458,0.00036621
2.46,-0.000476074
2.462,-0.00078125
2.464,-0.001867676
2.466,-0.0027832
2.468,-0.005542
2.47,-0.00476074
2.472,-0.0034668
2.474,-0.001330566
2.476,-0.000134277
2.478,-0.000817872
2.48,-0.000622558
2.482,0.000939942
2.484,0.000268554
2.486,-0.000817872
2.488,0.000280762
2.49,-0.000549316
2.492,-0.00213624
2.494,-0.000830078
2.496,-0.001330566
2.498,-0.001989746
2.5,-0.00229492
2.502,-0.00234376
2.504,-0.000427246
2.506,-6.10352E-05
2.508,0.001049804
2.51,0.001000976
2.512,-0.000610352
2.514,-0.00333252
2.516,0.000134277
2.518,0.001367188
2.52,0.000732422
2.522,-0.00111084
2.524,-0.00135498
2.526,0.000012207
2.528,-0.000524902
2.53,0.000439454
2.532,-0.000683594
2.534,0.000012207
2.536,0.001123046
2.538,0.00389404
2.54,0.00527344
2.542,0.000146484
2.544,-0.000939942
2.546,-0.000195312
2.548,0.00020752
2.55,-7.32422E-05
2.552,-0.001953124
2.554,-0.00249024
2.556,-0.00324708
2.558,-0.00325928
2.56,-0.00361328
2.562,-0.00340576
2.564,-0.00090332
2.566,0.000585938
2.568,0.000024414
2.57,0.000268554
2.572,0.00111084
2.574,0.00090332
2.576,0.000524902
2.578,0.000280762
2.58,-0.0031128
2.582,-0.001745606
2.584,-0.001013184
2.586,-0.001550292
2.588,-0.0027832
2.59,-0.00289306
2.592,-0.0022705
2.594,-0.0008667
2.596,-0.000817872
2.598,-0.000146484
2.6,4.88282E-05
2.602,-0.000183105
2.604,0.00036621
2.606,0.00222168
2.608,0.00168457
2.61,0.000427246
2.612,0.00119629
2.614,0.000146484
2.616,0.001708984
2.618,-0.000634766
2.62,-0.000170898
2.622,0.000830078
2.624,-0.000354004
2.626,-0.00177002
2.628,-0.000439454
2.63,0.000341796
2.632,-0.000830078
2.634,-0.00098877
2.636,-0.001464844
2.638,-0.001306152
2.64,-0.000512696
2.642,-0.0020874
2.644,-0.000952148
2.646,-0.001733398
2.648,-0.000610352
2.65,-0.00228272
2.652,-0.001342774
2.654,-0.001611328
2.656,-0.00053711
2.658,-0.000280762
2.66,-0.000231934
2.662,-0.000622558
2.664,-0.000305176
2.666,0.00020752
2.668,0.000280762
2.67,-0.00053711
2.672,-0.00078125
2.674,-0.000158691
2.676,-0.000256348
2.678,-0.000024414
2.68,0.000634766
2.682,-0.000842286
2.684,-0.001623536
2.686,-0.000463868
2.688,-0.001049804
2.69,0.00032959
2.692,0.000561524
2.694,-0.00053711
2.696,-0.000134277
2.698,0.00164795
2.7,0.001464844
2.702,0.00213624
2.704,-0.000317382
2.706,-0.001965332
2.708,0.000036621
2.71,0.000964356
2.712,0.00012207
2.714,-0.001745606
2.716,-0.00335694
2.718,-0.0026001
2.72,-0.000427246
2.722,-0.000854492
2.724,-0.00102539
2.726,0.000598144
2.728,0.00135498
2.73,0.001452636
2.732,0.00119629
2.734,-0.001965332
2.736,-0.000305176
2.738,0.000976562
2.74,-0.000976562
2.742,-0.00305176
2.744,-0.00308838
2.746,-0.001831054
2.748,-0.00316162
2.75,-0.00286866
2.752,-0.001855468
2.754,-0.00036621
2.756,-9.76562E-05
2.758,0.00041504
2.76,-0.000524902
2.762,6.10352E-05
2.764,0.001123046
2.766,-0.000476074
2.768,-0.00065918
2.77,-0.001611328
2.772,-0.000683594
2.774,-0.00102539
2.776,-0.000939942
2.778,-0.000952148
2.78,-0.000598144
2.782,-0.000805664
2.784,-0.000891114
2.786,-0.000195312
2.788,0.001916504
2.79,0.00341796
2.792,0.00201416
2.794,-0.000561524
2.796,0.000488282
2.798,0.001550292
2.8,-0.000280762
2.802,-0.000341796
2.804,-9.76562E-05
2.806,-0.001098632
2.808,-0.001843262
2.81,-0.0034668
2.812,-0.00302734
2.814,-0.001843262
2.816,-0.000463868
2.818,-0.00144043
2.82,-0.001831054
2.822,-0.001208496
2.824,-0.000793458
2.826,0.000292968
2.828,-0.000219726
2.83,0.000280762
2.832,-0.000805664
2.834,-0.00045166
2.836,0.000378418
2.838,-0.000341796
2.84,-0.000341796
2.842,-0.001123046
2.844,-0.000134277
2.846,-0.000598144
2.848,0.000561524
2.85,0.0020996
2.852,0.0006958
2.854,0.000183105
2.856,-0.00203858
2.858,-0.001013184
2.86,-0.000231934
2.862,0.00098877
2.864,0.000317382
2.866,-0.001843262
2.868,-0.000634766
2.87,-0.000195312
2.872,-0.00177002
2.874,-0.00307618
2.876,-0.000463868
2.878,0.000512696
2.88,-0.001501464
2.882,0.000610352
2.884,0.000036621
2.886,-0.001000976
2.888,0.000134277
2.89,-0.000769042
2.892,-0.000292968
2.894,0.000427246
2.896,0.00235596
2.898,0.000756836
2.9,-0.001159668
2.902,-0.00214844
2.904,-0.001293946
2.906,-0.000915528
2.908,-0.001879882
2.91,-0.00222168
2.912,-0.00222168
2.914,-0.0020996
2.916,-0.000842286
2.918,0.000012207
2.92,-0.00123291
2.922,-0.001000976
2.924,-0.000549316
2.926,0.00206298
2.928,0.001794434
2.93,-0.00164795
2.932,-0.000170898
2.934,0.00144043
2.936,-4.88282E-05
2.938,-0.001342774
2.94,0.000231934
2.942,-0.000683594
2.944,-0.000634766
2.946,-0.00053711
2.948,-0.00147705
2.95,-0.00111084
2.952,-0.000952148
2.954,-0.001220704
2.956,0.000280762
2.958,4.88282E-05
2.96,0.000488282
2.962,-7.32422E-05
2.964,-0.000158691
2.966,6.10352E-05
2.968,0.001208496
2.97,0.000549316
2.972,-0.001245118
2.974,0.00036621
2.976,0.000964356
2.978,-0.000036621
2.98,-0.000952148
2.982,-0.00119629
2.984,-0.00102539
2.986,-0.00114746
2.988,-0.001220704
2.99,-0.001416016
2.992,-0.000891114
2.994,-0.000109863
2.996,-0.00245362
2.998,-0.000854492
3,0.00264892
3.002,0.000708008
3.004,-0.0032959
3.006,0.00053711
3.008,0.000305176
3.01,0.000231934
3.012,-0.00098877
3.014,-0.000939942
3.016,-0.00189209
3.018,-0.001904296
3.02,-0.001757812
3.022,-0.00253906
3.024,-0.00144043
3.026,-0.0006958
3.028,-0.000769042
3.03,-0.000842286
3.032,-0.000622558
3.034,-0.000805664
3.036,-0.00020752
3.038,0.000671386
3.04,-0.000598144
3.042,-0.000598144
3.044,0.000109863
3.046,0.001599122
3.048,0.001660156
3.05,0.000146484
3.052,-0.000012207
3.054,0.000878906
3.056,0.001416016
3.058,0.00012207
3.06,0.000109863
3.062,0.001965332
3.064,-0.001208496
3.066,-0.001342774
3.068,-0.00065918
3.07,-0.00024414
3.072,-0.000585938
3.074,-0.001550292
3.076,-0.001599122
3.078,-0.00119629
3.08,-0.00240478
3.082,-0.001342774
3.084,0.00223388
3.086,0.001953124
3.088,-0.001428222
3.09,-0.0032959
3.092,-0.00218506
3.094,0.000378418
3.096,0.000939942
3.098,-0.000195312
3.1,-0.00356446
3.102,-0.00297852
3.104,-0.001818848
3.106,-0.001269532
3.108,-0.00164795
3.11,-0.000646972
3.112,0.00114746
3.114,0.000939942
3.116,-0.00321044
3.118,-0.00102539
3.12,0.00168457
3.122,0.000720214
3.124,-0.000817872
3.126,-0.000427246
3.128,0.001708984
3.13,-0.000183105
3.132,-0.001635742
3.134,9.76562E-05
3.136,0.001574708
3.138,0.001745606
3.14,-0.000305176
3.142,-0.000854492
3.144,0.00041504
3.146,-0.000170898
3.148,-0.000646972
3.15,-0.001611328
3.152,-0.00266114
3.154,-0.001342774
3.156,-0.000610352
3.158,-0.001184082
3.16,-0.001342774
3.162,-0.000976562
3.164,-0.0026123
3.166,-0.001855468
3.168,9.76562E-05
3.17,0.000463868
3.172,0.001074218
3.174,0.00065918
3.176,-0.000024414
3.178,0.001660156
3.18,0.001574708
3.182,0.00090332
3.184,-0.000231934
3.186,-0.000183105
3.188,-0.00111084
3.19,-0.000463868
3.192,-0.00189209
3.194,-0.001818848
3.196,-0.001855468
3.198,-0.00290528
3.2,-0.00135498
3.202,4.88282E-05
3.204,0.000793458
3.206,0.001208496
3.208,0.000720214
3.21,-0.001342774
3.212,0.000671386
3.214,0.00057373
3.216,-0.000317382
3.218,-0.00212402
3.22,-0.001123046
3.222,-0.001843262
3.224,-0.001599122
3.226,-0.001550292
3.228,-0.001281738
3.23,-0.000549316
3.232,0.000683594
3.234,0.000146484
3.236,-0.000854492
3.238,-0.000170898
3.24,0.000610352
3.242,0.000354004
3.244,-0.001049804
3.246,-0.000976562
3.248,-0.000854492
3.25,-0.000109863
3.252,-0.0006958
3.254,-0.000512696
3.256,-0.00111084
3.258,0.00065918
3.26,0.00218506
3.262,-0.000585938
3.264,-0.000012207
3.266,-0.00098877
3.268,0.000793458
3.27,-0.000170898
3.272,0
3.274,0.0022705
3.276,0.000634766
3.278,-0.001306152
3.28,-0.00114746
3.282,-9.76562E-05
3.284,0.000830078
3.286,6.10352E-05
3.288,-0.000012207
3.29,9.76562E-05
3.292,-0.00205078
3.294,-0.00408936
3.296,-0.00327148
3.298,-0.001428222
3.3,-0.001403808
3.302,-0.001989746
3.304,-0.0022461
3.306,-0.00201416
3.308,-0.001245118
3.31,-0.001501464
3.312,-0.001245118
3.314,0.000756836
3.316,0.000720214
3.318,0.000512696
3.32,0.000219726
3.322,0.001464844
3.324,0.001721192
3.326,0.000170898
3.328,-0.0022705
3.33,0.000378418
3.332,0.000183105
3.334,-0.000219726
3.336,-0.001293946
3.338,-0.001403808
3.34,-0.00041504
3.342,0.000280762
3.344,0
3.346,0.00239258
3.348,0.00203858
3.35,-0.000720214
3.352,-0.000170898
3.354,0.001281738
3.356,-0.000280762
3.358,-0.001184082
3.36,-0.001794434
3.362,-0.000756836
3.364,-0.00211182
3.366,-0.00147705
3.368,-0.000793458
3.37,-0.00164795
3.372,-0.00197754
3.374,0.001708984
3.376,0.000756836
3.378,-0.00024414
3.38,-0.000402832
3.382,-0.001074218
3.384,0.000524902
3.386,8.54492E-05
3.388,-0.001159668
3.39,0.00036621
3.392,-0.001940918
3.394,-0.001550292
3.396,0.000024414
3.398,-0.00111084
3.4,-0.001660156
3.402,-0.00255126
3.404,-0.001696778
3.406,-0.000463868
3.408,0.00065918
3.41,6.10352E-05
3.412,-0.00065918
3.414,-0.000219726
3.416,0.000964356
3.418,0.000280762
3.42,4.88282E-05
3.422,-0.000500488
3.424,-0.0008667
3.426,-0.000976562
3.428,-0.000756836
3.43,-0.000183105
3.432,-0.001086426
3.434,-0.00135498
3.436,-0.000683594
3.438,-0.000134277
3.44,0.00090332
3.442,-0.000012207
3.444,0.001403808
3.446,0.00123291
3.448,0.0008667
3.45,-0.000891114
3.452,-0.001245118
3.454,0.00012207
3.456,0.00147705
3.458,4.88282E-05
3.46,-0.000805664
3.462,-0.00322266
3.464,-0.00300292
3.466,-0.000549316
3.468,-0.000793458
3.47,-0.000024414
3.472,-6.10352E-05
3.474,0.001074218
3.476,-6.10352E-05
3.478,-0.001000976
3.48,-0.0024292
3.482,-6.10352E-05
3.484,9.76562E-05
3.486,-0.00065918
3.488,-0.001452636
3.49,-0.00192871
3.492,-0.001538086
3.494,-0.000805664
3.496,0.000744628
3.498,-0.000317382
3.5,-0.000598144
3.502,0.00012207
3.504,0.000732422
3.506,0.000183105
3.508,-0.001159668
3.51,-0.00090332
3.512,0.00065918
3.514,-0.000646972
3.516,-0.001538086
3.518,-0.000622558
3.52,-9.76562E-05
3.522,-0.0008667
3.524,4.88282E-05
3.526,-0.000354004
3.528,-0.000476074
3.53,4.88282E-05
3.532,-0.00114746
3.534,-0.00177002
3.536,-0.001123046
3.538,-0.00053711
3.54,-0.000341796
3.542,0.000622558
3.544,0.00041504
3.546,0.000195312
3.548,-0.0006958
3.55,0.000268554
3.552,0.000134277
3.554,-0.001330566
3.556,0.000927734
3.558,-0.000341796
3.56,0.000769042
3.562,-0.001342774
3.564,0.000219726
3.566,0.001635742
3.568,-0.000769042
3.57,-0.000524902
3.572,-0.000854492
3.574,0.000231934
3.576,-0.000341796
3.578,0.00012207
3.58,-0.000744628
3.582,-0.0022705
3.584,-0.00147705
3.586,-0.001037598
3.588,-0.00144043
3.59,-0.001831054
3.592,-0.001416016
3.594,-0.000146484
3.596,-0.000952148
3.598,-0.00144043
3.6,-8.54492E-05
3.602,0.000915528
3.604,-0.000354004
3.606,0.000732422
3.608,0.000756836
3.61,0.000927734
3.612,0.000378418
3.614,0.000646972
3.616,0.000146484
3.618,0.000671386
3.62,-0.001049804
3.622,-0.000561524
3.624,-0.00235596
3.626,-0.001000976
3.628,0.000341796
3.63,-0.000793458
3.632,0.00032959
3.634,0.00024414
3.636,0.001135254
3.638,-0.00223388
3.64,-0.00098877
3.642,8.54492E-05
3.644,-0.000292968
3.646,-0.00147705
3.648,-0.001330566
3.65,-0.0015625
3.652,-0.000830078
3.654,-0.000134277
3.656,-0.001367188
3.658,-0.001293946
3.66,0.000024414
3.662,0.00045166
3.664,0.001452636
3.666,0.00205078
3.668,-0.00024414
3.67,-0.001879882
3.672,-0.001745606
3.674,0.000231934
3.676,0.000280762
3.678,0.000488282
3.68,-0.000256348
3.682,9.76562E-05
3.684,-0.00102539
3.686,-0.00275878
3.688,0.000305176
3.69,0.000793458
3.692,0.000439454
3.694,0.00045166
3.696,-7.32422E-05
3.698,0.000219726
3.7,0.00057373
3.702,0.00200196
3.704,-0.00262452
3.706,-0.00230712
3.708,0.00228272
3.71,-0.00053711
3.712,-0.000183105
3.714,-0.00218506
3.716,-0.001953124
3.718,-0.001220704
3.72,-0.000915528
3.722,-0.001000976
3.724,-0.000219726
3.726,0.00078125
3.728,-0.000964356
3.73,-0.0022583
3.732,-0.00213624
3.734,-0.000195312
3.736,-0.000292968
3.738,-0.000878906
3.74,-0.001660156
3.742,-0.00041504
3.744,-0.000585938
3.746,-0.000024414
3.748,-0.000354004
3.75,-0.000268554
3.752,0.000610352
3.754,0.000512696
3.756,-0.00020752
3.758,0.000146484
3.76,0.00201416
3.762,0.001269532
3.764,-0.000378418
3.766,-0.000793458
3.768,-0.001416016
3.77,0.000036621
3.772,-0.000390624
3.774,-0.001708984
3.776,-0.001464844
3.778,-0.001135254
3.78,-0.00119629
3.782,-0.000549316
3.784,0.00045166
3.786,-0.000146484
3.788,-0.000183105
3.79,0.001599122
3.792,0.000598144
3.794,0
3.796,-0.000402832
3.798,-0.000231934
3.8,-0.001171876
3.802,-0.001245118
3.804,-0.00203858
3.806,-6.10352E-05
3.808,0.00098877
3.81,-8.54492E-05
3.812,0.000561524
3.814,-0.0006958
3.816,-0.001745606
3.818,-0.001428222
3.82,0.000671386
3.822,0.001867676
3.824,0.001367188
3.826,-0.00253906
3.828,-0.00319824
3.83,-0.00305176
3.832,-0.001245118
3.834,0.000146484
3.836,-0.000610352
3.838,-0.00168457
3.84,-0.00211182
3.842,-0.00164795
3.844,-0.001269532
3.846,-0.001416016
3.848,-0.00053711
3.85,0.001599122
3.852,0.001660156
3.854,-0.000622558
3.856,-0.00032959
3.858,0.000280762
3.86,-0.00012207
3.862,0.001342774
3.864,0.000427246
3.866,-0.000732422
3.868,-0.000170898
3.87,-0.000830078
3.872,-0.001745606
3.874,-0.000500488
3.876,0.00102539
3.878,-0.000354004
3.88,-0.001574708
3.882,-0.00200196
3.884,-0.000610352
3.886,-0.000769042
3.888,-6.10352E-05
3.89,0.000708008
3.892,-0.00012207
3.894,-0.000024414
3.896,-0.000524902
3.898,0.000134277
3.9,0.00053711
3.902,0.001513672
3.904,0.00466308
3.906,0.000488282
3.908,-0.002417
3.91,-0.0024414
3.912,-0.000024414
3.914,0.00053711
3.916,-0.001538086
3.918,-0.00217286
3.92,-0.00270996
3.922,-0.00280762
3.924,-0.00252686
3.926,-0.00202636
3.928,-0.001171876
3.93,0.000512696
3.932,0.00045166
3.934,-0.001330566
3.936,-0.000427246
3.938,0.001086426
3.94,-0.0008667
3.942,-0.00131836
3.944,0.000268554
3.946,0.000634766
3.948,-0.000671386
3.95,-0.000842286
3.952,0.000012207
3.954,-0.001184082
3.956,-0.000268554
3.958,0.000817872
3.96,0.001879882
3.962,0.001208496
3.964,-0.00102539
3.966,0.00057373
3.968,0.000378418
3.97,0.000268554
3.972,0.000219726
3.974,0.001916504
3.976,0.00206298
3.978,-0.000500488
3.98,0.000341796
3.982,-0.00057373
3.984,-0.00098877
3.986,0.000280762
3.988,0.0008667
3.99,0.000463868
3.992,-0.00388184
3.994,-0.00239258
3.996,-0.00325928
3.998,-0.001428222
4,-0.001757812
4.002,-0.00211182
4.004,-0.00236816
4.006,-0.00238038
4.008,-0.001281738
4.01,-0.000915528
4.012,-0.000732422
4.014,-0.000598144
4.016,-0.000341796
4.018,-0.00020752
4.02,-0.000036621
4.022,-0.000146484
4.024,-0.000036621
4.026,-0.000488282
4.028,-0.000146484
4.03,0.000024414
4.032,-8.54492E-05
4.034,9.76562E-05
4.036,-0.000170898
4.038,0.000158691
4.04,-0.000134277
4.042,-0.000354004
4.044,0.000280762
4.046,0.000219726
4.048,-9.76562E-05
4.05,-0.00045166
4.052,0.000390624
4.054,0.00078125
4.056,0.000561524
4.058,-0.000524902
4.06,-0.001123046
4.062,-8.54492E-05
4.064,-0.000390624
4.066,-0.000292968
4.068,-0.000512696
4.07,-0.000708008
4.072,-0.001489258
4.074,-0.000683594
4.076,0.000134277
4.078,-0.001000976
4.08,0.000195312
4.082,0.00078125
4.084,0.000158691
4.086,-0.000561524
4.088,0.000341796
4.09,-0.000231934
4.092,-0.000805664
4.094,-0.000109863
4.096,0.00012207
4.098,-0.000610352
4.1,-0.001855468
4.102,-0.001062012
4.104,-8.54492E-05
4.106,-0.000292968
4.108,0.000219726
4.11,-0.000512696
4.112,-0.00045166
4.114,-0.001782226
4.116,-0.000854492
4.118,-0.000952148
4.12,-0.000952148
4.122,0.000341796
4.124,-0.000390624
4.126,-0.00233154
4.128,-0.00228272
4.13,-0.001208496
4.132,-0.000402832
4.134,-0.000183105
4.136,-0.00102539
4.138,-0.001428222
4.14,-0.000842286
4.142,-0.00045166
4.144,0.000769042
4.146,0.00036621
4.148,-0.001306152
4.15,-0.000134277
4.152,0.00057373
4.154,-0.000646972
4.156,-0.000256348
4.158,-0.000280762
4.16,-0.000646972
4.162,-0.000634766
4.164,-0.001416016
4.166,-0.00164795
4.168,-0.001074218
4.17,-0.000158691
4.172,-0.000561524
4.174,-0.000427246
4.176,0.000183105
4.178,-0.00041504
4.18,-0.000610352
4.182,-0.00020752
4.184,-0.000354004
4.186,-0.000024414
4.188,0.000024414
4.19,-0.000195312
4.192,-0.00114746
4.194,-0.00032959
4.196,-0.000219726
4.198,-0.000402832
4.2,-0.000036621
4.202,-0.000878906
4.204,-0.001049804
4.206,-0.000280762
4.208,0.000341796
4.21,0.000280762
4.212,-0.000756836
4.214,-0.000952148
4.216,-0.000305176
4.218,-0.000268554
4.22,-0.001062012
4.222,-0.00111084
4.224,-0.0006958
4.226,-0.000183105
4.228,-0.000939942
4.23,-0.001379394
4.232,-0.000708008
4.234,-0.00012207
4.236,-0.000024414
4.238,-0.000488282
4.24,-0.00135498
4.242,-7.32422E-05
4.244,0.0006958
4.246,-0.000817872
4.248,-0.001342774
4.25,-0.000952148
4.252,-0.000585938
4.254,-0.000732422
4.256,-0.000683594
4.258,-0.00098877
4.26,-0.000805664
4.262,-0.00057373
4.264,0.000183105
4.266,-0.000268554
4.268,-0.000891114
4.27,-0.000622558
4.272,-0.000195312
4.274,-0.00045166
4.276,0.000280762
4.278,0.000463868
4.28,-0.000024414
4.282,-0.000952148
4.284,-0.000280762
4.286,0.000012207
4.288,-0.00032959
4.29,-0.00053711
4.292,-7.32422E-05
4.294,-0.00057373
4.296,-0.000146484
4.298,-0.000732422
4.3,-0.001123046
4.302,-0.00131836
4.304,-0.000817872
4.306,-0.000170898
4.308,-0.000341796
4.31,-0.000512696
4.312,-0.000354004
4.314,-0.00078125
4.316,-0.000671386
4.318,-0.000683594
4.32,-0.000427246
4.322,-0.000488282
4.324,-8.54492E-05
4.326,-0.000427246
4.328,-0.000561524
4.33,-0.000183105
4.332,-0.000598144
4.334,-0.000793458
4.336,-0.000402832
4.338,0.000512696
4.34,-0.000756836
4.342,-0.001000976
4.344,-0.0008667
4.346,-0.00024414
4.348,-6.10352E-05
4.35,-0.000134277
4.352,-0.000964356
4.354,-0.001013184
4.356,-0.000280762
4.358,-0.000305176
4.36,-0.00036621
4.362,-0.000756836
4.364,-0.000646972
4.366,-0.000183105
4.368,-0.000402832
4.37,-0.000488282
4.372,-7.32422E-05
4.374,-0.000036621
4.376,0.000109863
4.378,-0.000476074
4.38,7.32422E-05
4.382,0.000561524
4.384,0.000671386
4.386,0.000292968
4.388,0.000476074
4.39,0.000268554
4.392,-0.000341796
4.394,-0.000268554
4.396,-0.00020752
4.398,-8.54492E-05
4.4,-0.000219726
4.402,-0.000878906
4.404,-0.00123291
4.406,-0.000610352
4.408,-0.001416016
4.41,-0.001086426
4.412,-0.000756836
4.414,-0.00090332
4.416,-0.000268554
4.418,0.000024414
4.42,-0.000549316
4.422,-0.001464844
4.424,-0.000854492
4.426,4.88282E-05
4.428,-0.000463868
4.43,-0.000915528
4.432,-0.000842286
4.434,-0.000549316
4.436,-0.001098632
4.438,-0.00078125
4.44,8.54492E-05
4.442,0.000524902
4.444,-0.00032959
4.446,-0.001245118
4.448,-0.000341796
4.45,-0.000146484
4.452,0.000109863
4.454,-0.000720214
4.456,0.000646972
4.458,0.000378418
4.46,-0.001074218
4.462,-0.001452636
4.464,-0.000268554
4.466,0.00045166
4.468,-0.0008667
4.47,-0.001123046
4.472,-0.0006958
4.474,-0.000805664
4.476,-0.00114746
4.478,-0.001062012
4.48,-0.000488282
4.482,-0.000219726
4.484,-0.000830078
4.486,-0.000842286
4.488,-0.000646972
4.49,-4.88282E-05
4.492,-0.00020752
4.494,-0.000256348
4.496,-0.000256348
4.498,0.000268554
4.5,-0.00024414
4.502,-0.00057373
4.504,-0.001330566
4.506,-6.10352E-05
4.508,0.000671386
4.51,-0.00057373
4.512,-0.001123046
4.514,-0.00057373
4.516,-0.000219726
4.518,-0.000024414
4.52,-0.001098632
4.522,-0.000610352
4.524,0.00012207
4.526,0.000170898
4.528,0.000012207
4.53,-0.000793458
4.532,-0.00123291
4.534,0.000134277
4.536,-9.76562E-05
4.538,-0.000634766
4.54,-0.00090332
4.542,-0.00102539
4.544,-0.000512696
4.546,-0.000280762
4.548,-0.000317382
4.55,-0.001062012
4.552,-0.000524902
4.554,0.000146484
4.556,7.32422E-05
4.558,-0.001135254
4.56,-0.00053711
4.562,0.000878906
4.564,0.000146484
4.566,-0.001037598
4.568,-0.001049804
4.57,0.000109863
4.572,0.000012207
4.574,-0.000878906
4.576,-0.000488282
4.578,-0.000256348
4.58,-0.000390624
4.582,-0.000488282
4.584,-0.000390624
4.586,-0.000939942
4.588,-0.000878906
4.59,-0.0006958
4.592,-4.88282E-05
4.594,-0.001184082
4.596,-0.001428222
4.598,-0.00131836
4.6,-0.001013184
4.602,0
4.604,-0.000793458
4.606,-0.000769042
4.608,-0.000146484
4.61,-0.000354004
4.612,-0.000280762
4.614,-0.000109863
4.616,-0.000439454
4.618,-0.00036621
4.62,-0.000549316
4.622,0.000024414
4.624,0.000134277
4.626,6.10352E-05
4.628,0.000354004
4.63,0.000024414
4.632,-0.000500488
4.634,-0.000610352
4.636,0.0006958
4.638,-0.000012207
4.64,-0.000756836
4.642,-0.00065918
4.644,-0.00111084
4.646,-0.000170898
4.648,-0.000756836
4.65,-0.001342774
4.652,0.00012207
4.654,-0.000463868
4.656,-0.001245118
4.658,-8.54492E-05
4.66,0.000158691
4.662,-0.000476074
4.664,-0.001379394
4.666,-0.000817872
4.668,-0.000891114
4.67,-0.000305176
4.672,-0.000488282
4.674,-0.00057373
4.676,-0.001391602
4.678,-0.00098877
4.68,-0.000769042
4.682,-8.54492E-05
4.684,-0.000146484
4.686,-0.000549316
4.688,-0.000598144
4.69,-0.000354004
4.692,-0.000012207
4.694,0.00065918
4.696,0.000634766
4.698,-0.001049804
4.7,0.00024414
4.702,0.000036621
4.704,-0.000476074
4.706,-0.000427246
4.708,-0.000219726
4.71,-0.000219726
4.712,-0.000549316
4.714,-0.001220704
4.716,-0.000878906
4.718,-0.00065918
4.72,-0.000634766
4.722,-0.00012207
4.724,-0.00032959
4.726,-0.000793458
4.728,-0.00114746
4.73,-0.000964356
4.732,-0.00045166
4.734,-0.00045166
4.736,-0.000817872
4.738,-0.000427246
4.74,-0.000500488
4.742,-0.000280762
4.744,-0.000463868
4.746,0
4.748,0.000488282
4.75,0.000720214
4.752,0.000109863
4.754,-0.000134277
4.756,-0.00045166
4.758,0.00020752
4.76,-0.000378418
4.762,-0.000793458
4.764,-0.000341796
4.766,-0.000769042
4.768,-0.00119629
4.77,-0.000549316
4.772,-0.000622558
4.774,-0.00123291
4.776,-0.000976562
4.778,-0.000354004
4.78,-0.000354004
4.782,0.000463868
4.784,6.10352E-05
4.786,-0.000976562
4.788,-0.00147705
4.79,-0.000280762
4.792,-0.00020752
4.794,-0.000292968
4.796,0.00036621
4.798,-0.00057373
4.8,-0.000805664
4.802,-0.001000976
4.804,-0.001220704
4.806,-0.000500488
4.808,0.000012207
4.81,-0.000012207
4.812,-0.000219726
4.814,0.000170898
4.816,-0.000195312
4.818,-0.000830078
4.82,-0.00045166
4.822,0.000292968
4.824,4.88282E-05
4.826,-0.000561524
4.828,-0.00053711
4.83,-0.001184082
4.832,-0.000500488
4.834,-0.00032959
4.836,-0.000354004
4.838,-0.00041504
4.84,-0.000598144
4.842,-0.000634766
4.844,-0.000024414
4.846,0.00012207
4.848,-0.000305176
4.85,-0.000500488
4.852,-0.000170898
4.854,-0.000158691
4.856,-0.001000976
4.858,-0.000793458
4.86,-0.001367188
4.862,0.000524902
4.864,-0.000268554
4.866,-0.000488282
4.868,-0.00147705
4.87,-0.000830078
4.872,0.00041504
4.874,0.000024414
4.876,0.000317382
4.878,-0.000964356
4.88,-0.00144043
4.882,-0.000183105
4.884,-7.32422E-05
4.886,-0.000646972
4.888,-0.000744628
4.89,0.000109863
4.892,-0.00065918
4.894,-0.000878906
4.896,-0.001281738
4.898,-7.32422E-05
4.9,-0.000463868
4.902,-0.000402832
4.904,0
4.906,-0.00053711
4.908,-0.00036621
4.91,-0.00147705
4.912,-0.000891114
4.914,-0.001037598
4.916,-0.000378418
4.918,-0.000646972
4.92,-0.000964356
4.922,-0.001171876
4.924,-0.000561524
4.926,-0.000524902
4.928,-0.000720214
4.93,-0.000488282
4.932,0.00041504
4.934,0.000683594
4.936,-0.000354004
4.938,-0.001000976
4.94,0.000036621
4.942,0.00024414
4.944,0.00012207
4.946,-0.000683594
4.948,-0.00065918
4.95,0.000012207
4.952,-0.000854492
4.954,-0.000744628
4.956,-0.000585938
4.958,-0.000305176
4.96,-0.000378418
4.962,0.000146484
4.964,0.00024414
4.966,-0.000500488
4.968,-0.000402832
4.97,-0.000146484
4.972,-0.000354004
4.974,0.000476074
4.976,-0.000280762
4.978,-0.000939942
4.98,-0.001257324
4.982,0.000024414
4.984,-0.001062012
4.986,-0.00119629
4.988,-0.0006958
4.99,-0.000732422
4.992,-0.000646972
4.994,-0.000280762
4.996,-0.000292968
4.998,-0.00032959
5,-0.00119629
5.002,-0.000134277
5.004,-0.000036621
5.006,-7.32422E-05
5.008,-0.001123046
5.01,-0.000488282
5.012,0.000219726
5.014,-0.000378418
5.016,-0.001489258
5.018,-0.00123291
5.02,-0.000146484
5.022,-0.000341796
5.024,-0.000280762
5.026,-0.000488282
5.028,-0.000817872
5.03,-0.000769042
5.032,-7.32422E-05
5.034,0.000158691
5.036,-4.88282E-05
5.038,0
5.04,-6.10352E-05
5.042,0.000231934
5.044,-0.000268554
5.046,-0.000964356
5.048,-0.00078125
5.05,0.000146484
5.052,-4.88282E-05
5.054,-0.000549316
5.056,-0.001733398
5.058,-0.001013184
5.06,-0.000610352
5.062,-0.000793458
5.064,-0.001000976
5.066,-0.000708008
5.068,-0.000854492
5.07,-0.000793458
5.072,-9.76562E-05
5.074,-0.000549316
5.076,-0.000512696
5.078,0.000732422
5.08,0.000585938
5.082,-0.001062012
5.084,-0.00135498
5.086,-0.000354004
5.088,0.000134277
5.09,0.000793458
5.092,-0.000195312
5.094,-0.001037598
5.096,-0.001525878
5.098,0.000012207
5.1,0.000720214
5.102,-0.000317382
5.104,-0.000305176
5.106,-0.000280762
5.108,0.000146484
5.11,-0.00114746
5.112,-0.001391602
5.114,-0.000634766
5.116,-0.000549316
5.118,-0.001013184
5.12,-0.000268554
5.122,-0.00036621
5.124,-0.001000976
5.126,-0.000793458
5.128,-0.000146484
5.13,-0.000488282
5.132,-0.000256348
5.134,8.54492E-05
5.136,-0.000036621
5.138,-0.000354004
5.14,-0.000256348
5.142,9.76562E-05
5.144,0.000256348
5.146,0.000671386
5.148,-0.000683594
5.15,-0.00032959
5.152,-0.001135254
5.154,-0.00036621
5.156,-0.000463868
5.158,-0.001037598
5.16,-0.001245118
5.162,-0.000817872
5.164,-0.000427246
5.166,-0.000622558
5.168,-0.000012207
5.17,-0.000183105
5.172,-0.000146484
5.174,0.000878906
5.176,0.000500488
5.178,-0.001843262
5.18,-0.001184082
5.182,-0.000170898
5.184,-0.00032959
5.186,-0.000744628
5.188,-0.001159668
5.19,-0.001599122
5.192,-0.000915528
5.194,-0.000683594
5.196,-0.000317382
5.198,0.000976562
5.2,0.000549316
5.202,-0.000854492
5.204,-0.000964356
5.206,-0.000146484
5.208,-0.000231934
5.21,7.32422E-05
5.212,-0.000268554
5.214,-0.001538086
5.216,-0.001452636
5.218,-0.001000976
5.22,-0.000439454
5.222,-0.000927734
5.224,-0.001013184
5.226,-0.000805664
5.228,-0.000402832
5.23,-0.000744628
5.232,-0.00119629
5.234,-0.000476074
5.236,-0.000463868
5.238,-0.000170898
5.24,-0.000268554
5.242,0.00036621
5.244,0.000439454
5.246,0.000317382
5.248,-0.001550292
5.25,-0.000549316
5.252,0.000183105
5.254,7.32422E-05
5.256,-0.000195312
5.258,-0.000610352
5.26,-0.001220704
5.262,-0.001098632
5.264,6.10352E-05
5.266,-0.000036621
5.268,-0.000341796
5.27,-0.00065918
5.272,-0.000390624
5.274,-4.88282E-05
5.276,-0.000012207
5.278,0.000170898
5.28,0.00024414
5.282,-0.000756836
5.284,-0.000488282
5.286,0.000256348
5.288,0.000268554
5.29,-0.000354004
5.292,-0.000927734
5.294,-0.000744628
5.296,0
5.298,-0.000354004
5.3,-0.001306152
5.302,-0.000927734
5.304,-0.000280762
5.306,-0.00090332
5.308,-0.000964356
5.31,0.000170898
5.312,0.000744628
5.314,-0.00020752
5.316,-0.000793458
5.318,-0.000842286
5.32,-0.000561524
5.322,-0.00036621
5.324,-0.000524902
5.326,0.000158691
5.328,-0.000756836
5.33,-0.001281738
5.332,-0.000976562
5.334,-0.000341796
5.336,-0.000598144
5.338,-0.000708008
5.34,-0.000561524
5.342,-0.00045166
5.344,-0.00036621
5.346,-0.000878906
5.348,-0.001037598
5.35,-0.000891114
5.352,-0.000817872
5.354,6.10352E-05
5.356,-0.000305176
5.358,-0.001013184
5.36,-0.000830078
5.362,-0.000012207
5.364,0.000036621
5.366,-0.000305176
5.368,-0.000146484
5.37,0.000842286
5.372,0.00036621
5.374,-0.00012207
5.376,0.000219726
5.378,-0.000769042
5.38,-0.00045166
5.382,0.000012207
5.384,-0.000146484
5.386,-0.0006958
5.388,-0.00135498
5.39,-0.000842286
5.392,-0.000341796
5.394,-0.000012207
5.396,-0.000854492
5.398,-0.00098877
5.4,-0.000720214
5.402,-7.32422E-05
5.404,0.000488282
5.406,0.000805664
5.408,-0.001037598
5.41,-0.001599122
5.412,-0.000732422
5.414,-0.000292968
5.416,0.000292968
5.418,-0.000427246
5.42,-0.00078125
5.422,-0.00135498
5.424,-0.000891114
5.426,-0.000439454
5.428,-0.000610352
5.43,-0.000939942
5.432,-0.000769042
5.434,-0.00057373
5.436,-0.001000976
5.438,-0.000756836
5.44,0
5.442,-0.000708008
5.444,-0.001513672
5.446,-0.00065918
5.448,-0.00020752
5.45,-0.000354004
5.452,-0.00032959
5.454,-0.000305176
5.456,-0.000598144
5.458,-0.000378418
5.46,-0.000024414
5.462,-0.00012207
5.464,0.000256348
5.466,0.000183105
5.468,0.000610352
5.47,0.000268554
5.472,-0.000842286
5.474,-0.001086426
5.476,-9.76562E-05
5.478,0.000427246
5.48,-0.00065918
5.482,-0.000231934
5.484,-0.000854492
5.486,-0.001184082
5.488,-0.000427246
5.49,-0.000317382
5.492,0.000036621
5.494,-0.000402832
5.496,-0.000341796
5.498,0.000109863
5.5,-0.000744628
5.502,-0.00114746
5.504,-0.0008667
5.506,-0.000390624
5.508,-0.00024414
5.51,-0.000354004
5.512,-0.00111084
5.514,-0.000634766
5.516,-0.000671386
5.518,-0.00032959
5.52,0.000439454
5.522,-0.000488282
5.524,-0.001062012
5.526,-0.000146484
5.528,-0.000341796
5.53,-0.000524902
5.532,-0.000463868
5.534,-0.00036621
5.536,-0.000720214
5.538,-0.00053711
5.54,-0.000769042
5.542,-0.000036621
5.544,-0.000500488
5.546,-0.000952148
5.548,-0.00020752
5.55,0.000305176
5.552,-0.000219726
5.554,-0.000268554
5.556,0.000378418
5.558,8.54492E-05
5.56,-0.000646972
5.562,-0.00032959
5.564,-9.76562E-05
5.566,-0.00024414
5.568,-0.000219726
5.57,-0.000170898
5.572,-0.000488282
5.574,-0.00111084
5.576,-0.001220704
5.578,-0.000463868
5.58,-0.000012207
5.582,-0.000915528
5.584,-0.001098632
5.586,-0.001208496
5.588,-0.00114746
5.59,-0.000952148
5.592,-0.001098632
5.594,-0.000427246
5.596,-0.000561524
5.598,-0.000634766
5.6,-0.000732422
5.602,-0.000610352
5.604,0.000305176
5.606,0.00123291
5.608,0.000170898
5.61,-0.000805664
5.612,-0.000610352
5.614,-0.000354004
5.616,-0.000500488
5.618,-0.000512696
5.62,-0.001208496
5.622,-0.00036621
5.624,-0.000610352
5.626,-0.00098877
5.628,-0.000549316
5.63,0.000109863
5.632,0.00020752
5.634,0.000378418
5.636,0.000842286
5.638,0.00045166
5.64,-0.000561524
5.642,-0.000268554
5.644,-0.000402832
5.646,-0.000610352
5.648,-0.000292968
5.65,-0.000720214
5.652,-0.001452636
5.654,-0.001049804
5.656,-0.00123291
5.658,-0.00045166
5.66,-0.001000976
5.662,0.000463868
5.664,0.000427246
5.666,0.000024414
5.668,-0.000439454
5.67,-0.000268554
5.672,0.000170898
5.674,0.000463868
5.676,-0.000219726
5.678,-0.000195312
5.68,0.000012207
5.682,-0.001379394
5.684,-0.001013184
5.686,-0.000402832
5.688,-0.000610352
5.69,-0.001062012
5.692,-0.000476074
5.694,-0.001098632
5.696,-0.001965332
5.698,-0.000158691
5.7,0.00036621
5.702,0.00024414
5.704,-0.000976562
5.706,-0.000524902
5.708,0.00041504
5.71,-7.32422E-05
5.712,-0.00057373
5.714,-0.000292968
5.716,4.88282E-05
5.718,-0.000878906
5.72,-0.000512696
5.722,-0.0008667
5.724,-0.000500488
5.726,-7.32422E-05
5.728,-9.76562E-05
5.73,0.00090332
5.732,0.00041504
5.734,-0.001513672
5.736,-0.001098632
5.738,0.000683594
5.74,0.000024414
5.742,-0.000390624
5.744,-0.000891114
5.746,-0.001184082
5.748,-0.00114746
5.75,-0.00065918
5.752,-4.88282E-05
5.754,-0.000402832
5.756,-0.001306152
5.758,-0.00024414
5.76,0.0006958
5.762,0.000280762
5.764,-0.000476074
5.766,-0.001452636
5.768,-0.000134277
5.77,-0.000598144
5.772,-0.000683594
5.774,-0.000476074
5.776,-0.000378418
5.778,0.000024414
5.78,-0.00032959
5.782,-0.000341796
5.784,-0.000158691
5.786,-0.00024414
5.788,-0.000219726
5.79,0.00057373
5.792,0.001062012
5.794,0.000024414
5.796,-0.000854492
5.798,-0.000390624
5.8,-0.000439454
5.802,0.000512696
5.804,0.000036621
5.806,-0.000720214
5.808,-0.001696778
5.81,-0.00114746
5.812,-0.000744628
5.814,-0.00065918
5.816,-0.00144043
5.818,-0.000817872
5.82,-0.000708008
5.822,-0.000231934
5.824,0.000402832
5.826,-0.000634766
5.828,-0.000817872
5.83,0.000256348
5.832,0.001330566
5.834,0.000268554
5.836,-0.00057373
5.838,-0.00041504
5.84,0.000402832
5.842,-7.32422E-05
5.844,-0.001696778
5.846,0.00057373
5.848,0.00281982
5.85,0.00123291
5.852,-0.001013184
5.854,-0.000109863
5.856,4.88282E-05
5.858,0.000830078
5.86,0.001513672
5.862,0.001171876
5.864,-0.00098877
5.866,-0.002417
5.868,0.000939942
5.87,0.00339356
5.872,0.00098877
5.874,-0.00206298
5.876,-0.001245118
5.878,0.00024414
5.88,0.00419922
5.882,0.001403808
5.884,-0.000488282
5.886,-0.00394288
5.888,-0.00272216
5.89,-0.000488282
5.892,-0.00246582
5.894,-0.00349122
5.896,-0.00189209
5.898,-0.00264892
5.9,-0.00371094
5.902,-0.00267334
5.904,-0.001635742
5.906,-0.000720214
5.908,0.00078125
5.91,-0.000158691
5.912,0.000317382
5.914,-0.000305176
5.916,-0.000195312
5.918,0.001269532
5.92,0.001403808
5.922,-0.000183105
5.924,-0.000354004
5.926,0.000793458
5.928,0.00471192
5.93,0.00314942
5.932,0.00290528
5.934,0.001293946
5.936,0.00217286
5.938,0.00517578
5.94,0.00615234
5.942,0.00892334
5.944,0.00681152
5.946,-0.00649414
5.948,-0.00292968
5.95,0.00460206
5.952,0.001904296
5.954,0.00246582
5.956,-0.00523682
5.958,-0.00301514
5.96,-0.00794678
5.962,-0.00567626
5.964,-0.000183105
5.966,0.001745606
5.968,0.001782226
5.97,-0.000720214
5.972,-0.0045166
5.974,-0.00279542
5.976,-0.000268554
5.978,-0.001745606
5.98,0.001342774
5.982,-0.0022583
5.984,-0.00065918
5.986,-0.001757812
5.988,-0.00317382
5.99,-0.00705566
5.992,-0.00285644
5.994,0.000952148
5.996,0.001855468
5.998,0.001879882
6,0.0015625
6.002,-0.0029541
6.004,-0.00239258
6.006,0.00373536
6.008,0.001794434
6.01,0.000683594
6.012,-0.00238038
6.014,-0.001501464
6.016,-0.00288086
6.018,0.000976562
6.02,-0.0029663
6.022,-0.00578614
6.024,-0.00318604
6.026,-0.000854492
6.028,0.000561524
6.03,0.00239258
6.032,0.003479
6.034,0.00518798
6.036,-0.001049804
6.038,-0.000317382
6.04,0.00524902
6.042,0.00378418
6.044,-0.00123291
6.046,-0.00354004
6.048,0.000231934
6.05,0.000341796
6.052,-0.00443116
6.054,-0.00283204
6.056,-0.000390624
6.058,0.00935058
6.06,0.00616456
6.062,0.000427246
6.064,-0.00543212
6.066,-0.001879882
6.068,0.00498046
6.07,0.00236816
6.072,-0.00396728
6.074,-0.0088501
6.076,-0.0067627
6.078,-0.0052002
6.08,-0.00378418
6.082,-0.00455322
6.084,-0.00273438
6.086,-0.00249024
6.088,-0.001257324
6.09,0.000036621
6.092,0.000854492
6.094,0.00240478
6.096,0.00378418
6.098,0.000952148
6.1,-0.001489258
6.102,-0.001062012
6.104,0.000549316
6.106,0.00135498
6.108,0.000915528
6.11,-4.88282E-05
6.112,-4.88282E-05
6.114,0.000744628
6.116,-0.00135498
6.118,-0.000708008
6.12,-0.000390624
6.122,0.00351562
6.124,0.001416016
6.126,-0.001403808
6.128,0.001135254
6.13,0.00291748
6.132,0.0032837
6.134,-0.00302734
6.136,-0.00407714
6.138,0.000476074
6.14,0.000720214
6.142,0.000305176
6.144,-0.001757812
6.146,-0.001953124
6.148,-0.000927734
6.15,-0.00247802
6.152,-0.0041504
6.154,0.000500488
6.156,-0.000390624
6.158,-0.00253906
6.16,-0.000146484
6.162,0.00323486
6.164,-0.000683594
6.166,0.000280762
6.168,0.00870362
6.17,0.00756836
6.172,0.000256348
6.174,-0.00297852
6.176,-0.001306152
6.178,0.00252686
6.18,0.00651856
6.182,0.001696778
6.184,-0.00794678
6.186,-0.00806884
6.188,-0.0071045
6.19,0.001086426
6.192,0.000964356
6.194,-0.00256348
6.196,0.00489502
6.198,0.001855468
6.2,-7.32422E-05
6.202,-0.00562744
6.204,-0.000512696
6.206,0.00228272
6.208,0.0029663
6.21,0.00228272
6.212,-0.00135498
6.214,-0.00705566
6.216,-0.001037598
6.218,-0.00302734
6.22,0.00053711
6.222,0.00286866
6.224,-0.00222168
6.226,-0.001489258
6.228,-0.00440674
6.23,-0.00213624
6.232,-7.32422E-05
6.234,-0.00301514
6.236,-0.00297852
6.238,-0.00307618
6.24,-0.001879882
6.242,-0.00036621
6.244,0.001464844
6.246,0.001611328
6.248,-0.001501464
6.25,-0.000354004
6.252,0.001489258
6.254,0.00627442
6.256,0.00482178
6.258,0.000634766
6.26,-0.001000976
6.262,0.0024292
6.264,0.00228272
6.266,-0.0031128
6.268,-0.000720214
6.27,-0.001123046
6.272,-0.001586914
6.274,0.001171876
6.276,-0.000341796
6.278,-0.000024414
6.28,0.00305176
6.282,-0.000830078
6.284,0.00212402
6.286,-0.001757812
6.288,0.00189209
6.29,0.001123046
6.292,-0.00240478
6.294,-0.00251464
6.296,-0.001501464
6.298,-0.00247802
6.3,-0.001208496
6.302,-0.00314942
6.304,-0.00419922
6.306,-0.00090332
6.308,-0.000158691
6.31,0.00192871
6.312,-9.76562E-05
6.314,-0.00131836
6.316,-0.0046753
6.318,-0.00341796
6.32,-0.000854492
6.322,-0.000036621
6.324,-0.000561524
6.326,-0.001049804
6.328,-0.001013184
6.33,0.00274658
6.332,0.00229492
6.334,-0.00229492
6.336,0.00230712
6.338,0.00457764
6.34,0.0043335
6.342,0.00384522
6.344,-0.00281982
6.346,0.00147705
6.348,0.00286866
6.35,0.00284424
6.352,0.00144043
6.354,-0.00065918
6.356,-0.00550538
6.358,-0.00231934
6.36,0.000683594
6.362,0.001513672
6.364,-0.00220948
6.366,-0.0008667
6.368,-0.0060913
6.37,-0.00262452
6.372,-0.00024414
6.374,-0.00238038
6.376,-0.001623536
6.378,-0.00012207
6.38,-9.76562E-05
6.382,-0.00036621
6.384,0.001733398
6.386,0.00197754
6.388,-0.000744628
6.39,-0.00256348
6.392,-0.000488282
6.394,0.00144043
6.396,0.000805664
6.398,0.000354004
6.4,0.000622558
6.402,-0.00045166
6.404,0.000964356
6.406,0.0020874
6.408,9.76562E-05
6.41,-0.0036621
6.412,0.000915528
6.414,0.00340576
6.416,0.001940918
6.418,0.00065918
6.42,-0.00249024
6.422,-0.00507812
6.424,-0.0045288
6.426,-0.000622558
6.428,0.001953124
6.43,0.001574708
6.432,-0.000476074
6.434,-0.00341796
6.436,-0.000878906
6.438,0.001867676
6.44,-0.001428222
6.442,0.001391602
6.444,-0.000109863
6.446,-0.00123291
6.448,-0.001245118
6.45,0.001123046
6.452,-0.001135254
6.454,0.001000976
6.456,-0.000402832
6.458,0.00200196
6.46,0.00211182
6.462,-0.00201416
6.464,0.000463868
6.466,0.000585938
6.468,-0.00284424
6.47,-0.000842286
6.472,0.000109863
6.474,0.00123291
6.476,-0.001623536
6.478,-0.00550538
6.48,-0.00344238
6.482,0.001733398
6.484,0.00219726
6.486,-9.76562E-05
6.488,-0.001416016
6.49,0.0022705
6.492,0.001831054
6.494,-0.00230712
6.496,0.000463868
6.498,0.001000976
6.5,0.00230712
6.502,0.00357666
6.504,-0.000463868
6.506,0.000549316
6.508,0.00273438
6.51,-0.000585938
6.512,-0.00257568
6.514,-0.000195312
6.516,-0.00218506
6.518,-0.001013184
6.52,-0.001367188
6.522,-0.00280762
6.524,-0.001623536
6.526,-0.001428222
6.528,-0.00288086
6.53,-0.00212402
6.532,-0.00212402
6.534,-0.000891114
6.536,-0.000231934
6.538,-9.76562E-05
6.54,0.000463868
6.542,0.0008667
6.544,-0.000402832
6.546,-0.000646972
6.548,-0.000915528
6.55,0.00264892
6.552,0.000598144
6.554,-0.000524902
6.556,0.00212402
6.558,-0.000195312
6.56,-0.000195312
6.562,-0.000183105
6.564,-0.0022583
6.566,-0.000708008
6.568,0.00344238
6.57,0.00562744
6.572,0.000195312
6.574,-0.001794434
6.576,-0.00206298
6.578,0.001818848
6.58,0.0024292
6.582,-0.00202636
6.584,-0.00245362
6.586,-0.001611328
6.588,-0.001586914
6.59,-0.00102539
6.592,0.0008667
6.594,-0.000280762
6.596,-0.00620118
6.598,-0.00201416
6.6,0.00264892
6.602,0.00057373
6.604,0.001086426
6.606,0.002417
6.608,-0.000512696
6.61,-0.001574708
6.612,0.001257324
6.614,-0.000012207
6.616,-0.0008667
6.618,8.54492E-05
6.62,0.000439454
6.622,-0.000915528
6.624,0
6.626,-0.00263672
6.628,-0.0008667
6.63,-0.00302734
6.632,-0.0026123
6.634,0.000634766
6.636,0.00200196
6.638,-0.0020996
6.64,-0.001843262
6.642,-0.001635742
6.644,-0.00201416
6.646,-0.00218506
6.648,-0.00206298
6.65,0.000427246
6.652,0.001391602
6.654,0.00024414
6.656,0.000439454
6.658,0.00131836
6.66,0.00374756
6.662,9.76562E-05
6.664,-0.000878906
6.666,0.001489258
6.668,0.00557862
6.67,0.001269532
6.672,-0.00302734
6.674,-0.001062012
6.676,0.00300292
6.678,0.001098632
6.68,-0.0026001
6.682,-0.00245362
6.684,0.0015625
6.686,0.0020874
6.688,-0.000805664
6.69,-0.00440674
6.692,-0.000561524
6.694,0.00024414
6.696,0.00024414
6.698,-0.00200196
6.7,-0.001489258
6.702,0.00371094
6.704,-6.10352E-05
6.706,-0.00213624
6.708,0.00218506
6.71,-0.000524902
6.712,0.001037598
6.714,0.000817872
6.716,-0.0026123
6.718,-0.00367432
6.72,-0.000769042
6.722,0.000183105
6.724,-0.00036621
6.726,-0.001342774
6.728,-0.00220948
6.73,-0.0053833
6.732,-0.001782226
6.734,0.001818848
6.736,0.001074218
6.738,-0.001696778
6.74,-0.001940918
6.742,-0.00098877
6.744,-0.001220704
6.746,0.000732422
6.748,-0.00197754
6.75,-0.00177002
6.752,0.000817872
6.754,0.003125
6.756,0.001184082
6.758,-0.0020874
6.76,0.001965332
6.762,0.00456542
6.764,0.00473632
6.766,0.00898438
6.768,-0.001916504
6.77,-0.0045166
6.772,-0.000317382
6.774,0.00692138
6.776,0.00428466
6.778,-0.001965332
6.78,-0.0022705
6.782,-0.003833
6.784,-0.00325928
6.786,-0.00375976
6.788,-0.00405274
6.79,-0.001159668
6.792,-0.000378418
6.794,-0.001611328
6.796,-0.00135498
6.798,-0.00494384
6.8,-0.00653076
6.802,-0.001855468
6.804,0.000512696
6.806,0.000439454
6.808,-0.000280762
6.81,-0.00078125
6.812,-0.000976562
6.814,0.000195312
6.816,0.00012207
6.818,-0.00144043
6.82,0.000817872
6.822,0.001367188
6.824,-0.001416016
6.826,0.000024414
6.828,0.001733398
6.83,-0.00012207
6.832,-0.000402832
6.834,0.00369874
6.836,0.0022583
6.838,-0.00045166
6.84,-0.001721192
6.842,0.00610352
6.844,0.00435792
6.846,-0.001464844
6.848,-0.001550292
6.85,0.000439454
6.852,-0.00131836
6.854,-0.00333252
6.856,-0.00426026
6.858,-0.00098877
6.86,-0.000231934
6.862,-0.001220704
6.864,-0.000402832
6.866,-0.001525878
6.868,0.000744628
6.87,0.00402832
6.872,0.00444336
6.874,0.001049804
6.876,0.00457764
6.878,0.00424804
6.88,-0.00201416
6.882,-0.00357666
6.884,0.000732422
6.886,0.001489258
6.888,-0.00256348
6.89,-0.0026123
6.892,-0.00548096
6.894,-0.00203858
6.896,-0.00266114
6.898,-0.0032959
6.9,-0.00372314
6.902,0.001379394
6.904,0.000683594
6.906,-0.001940918
6.908,0.001367188
6.91,0.00246582
6.912,-0.0034668
6.914,0.00045166
6.916,-0.001538086
6.918,-0.0008667
6.92,-0.000952148
6.922,-0.00200196
6.924,-0.001672364
6.926,-0.00045166
6.928,0.00284424
6.93,-0.000036621
6.932,-0.000317382
6.934,0.00177002
6.936,0.001599122
6.938,0.00384522
6.94,0.00310058
6.942,0.000500488
6.944,-0.00230712
6.946,-0.001965332
6.948,0.001696778
6.95,0.00217286
6.952,-0.0040039
6.954,-0.00291748
6.956,-0.00274658
6.958,0.001074218
6.96,0.000805664
6.962,-0.001818848
6.964,-0.00408936
6.966,-0.00354004
6.968,0
6.97,0.00230712
6.972,-0.00144043
6.974,-0.00284424
6.976,-0.00036621
6.978,0.0022583
6.98,0.00393066
6.982,0.000671386
6.984,-0.00192871
6.986,0.000878906
6.988,-0.001245118
6.99,4.88282E-05
6.992,0.001342774
6.994,0.000024414
6.996,0.00319824
6.998,0.00217286
7,-0.001403808
7.002,-0.00672608
7.004,0.00098877
7.006,0
7.008,0.00189209
7.01,9.76562E-05
7.012,0.000390624
7.014,-0.001184082
7.016,-0.00310058
7.018,-0.000915528
7.02,-0.00177002
7.022,-0.000524902
7.024,0.000549316
7.026,0.000036621
7.028,-0.001049804
7.03,-0.001757812
7.032,-0.001281738
7.034,-0.001452636
7.036,-0.00251464
7.038,-0.000598144
7.04,0.00375976
7.042,-0.00012207
7.044,0.001855468
7.046,0.00283204
7.048,0.001135254
7.05,0.00288086
7.052,-0.0031128
7.054,-0.000927734
7.056,-0.000195312
7.058,-0.000842286
7.06,-0.000585938
7.062,-0.00297852
7.064,-0.00266114
7.066,-0.001171876
7.068,-0.000769042
7.07,-0.00102539
7.072,-0.001660156
7.074,0.000598144
7.076,0.00284424
7.078,0.001013184
7.08,0.00444336
7.082,-0.000671386
7.084,-0.00456542
7.086,-0.001965332
7.088,0.002417
7.09,0.00219726
7.092,-7.32422E-05
7.094,0.0006958
7.096,-0.000024414
7.098,-0.001611328
7.1,-0.001574708
7.102,0.00308838
7.104,0.001525878
7.106,0.00201416
7.108,0.001269532
7.11,-0.00205078
7.112,-0.00111084
7.114,0.000109863
7.116,-0.001818848
7.118,-0.001086426
7.12,-0.00446778
7.122,-0.001171876
7.124,-0.001379394
7.126,-0.0038086
7.128,-0.001074218
7.13,0.000561524
7.132,-0.00288086
7.134,-0.000549316
7.136,-0.00375976
7.138,0.000439454
7.14,-0.00024414
7.142,0.000183105
7.144,-0.001049804
7.146,-0.00053711
7.148,-0.000170898
7.15,0
7.152,-0.001513672
7.154,0.001037598
7.156,0.001135254
7.158,0.001599122
7.16,0.00262452
7.162,0.000817872
7.164,0.00275878
7.166,-0.00090332
7.168,-0.000891114
7.17,-0.000756836
7.172,-0.001159668
7.174,0.000622558
7.176,0.00214844
7.178,0.00053711
7.18,-0.00090332
7.182,-0.00024414
7.184,0.001342774
7.186,-0.00291748
7.188,-0.001867676
7.19,0.001965332
7.192,8.54492E-05
7.194,-0.00449218
7.196,-0.00362548
7.198,-0.000878906
7.2,0.001086426
7.202,-0.000671386
7.204,0.00250244
7.206,0.00202636
7.208,-0.001159668
7.21,0.000927734
7.212,0.00045166
7.214,0.000976562
7.216,0.001281738
7.218,-0.0031372
7.22,-0.00494384
7.222,-0.001867676
7.224,-0.00098877
7.226,0.001208496
7.228,-0.0015625
7.23,-0.00230712
7.232,-0.000036621
7.234,-0.000915528
7.236,0.00568848
7.238,0.00286866
7.24,-0.00413818
7.242,-0.00301514
7.244,-0.001074218
7.246,0.001904296
7.248,-0.000231934
7.25,-0.00283204
7.252,-0.00032959
7.254,-0.000817872
7.256,-0.000024414
7.258,-0.001489258
7.26,-0.00168457
7.262,0.00216064
7.264,0.00308838
7.266,0.001513672
7.268,-0.000646972
7.27,0.00344238
7.272,-0.001708984
7.274,0.00218506
7.276,0.001086426
7.278,0.000402832
7.28,0.00285644
7.282,-0.00411376
7.284,-0.00355224
7.286,-0.00291748
7.288,-0.000195312
7.29,0.000634766
7.292,-0.000683594
7.294,-0.00314942
7.296,-0.00476074
7.298,-0.000109863
7.3,0.000610352
7.302,0.00368652
7.304,0.000402832
7.306,-0.00168457
7.308,-0.00274658
7.31,-0.0006958
7.312,-0.00144043
7.314,-0.000878906
7.316,-0.00427246
7.318,-0.0026123
7.32,-0.00222168
7.322,-0.001867676
7.324,0.001794434
7.326,-0.00135498
7.328,-0.00228272
7.33,-0.00057373
7.332,0.00474854
7.334,0.00766602
7.336,0.00270996
7.338,0.000952148
7.34,-0.000134277
7.342,0.00251464
7.344,0.00699462
7.346,0.0015625
7.348,0.000622558
7.35,-0.00361328
7.352,-0.000036621
7.354,-0.00297852
7.356,-0.001391602
7.358,-0.00274658
7.36,-0.001843262
7.362,-0.001843262
7.364,-0.000683594
7.366,-0.00355224
7.368,-0.00102539
7.37,-0.000476074
7.372,-0.00041504
7.374,0.00213624
7.376,0.00251464
7.378,-0.0038086
7.38,-0.00319824
7.382,-0.001452636
7.384,-0.00053711
7.386,-0.000683594
7.388,-0.000720214
7.39,-0.001171876
7.392,-0.001245118
7.394,-0.00216064
7.396,0.00078125
7.398,0.000195312
7.4,0.001733398
7.402,0.0022461
7.404,0.0067627
7.406,0.0041748
7.408,-0.001599122
7.41,0.000341796
7.412,0.000256348
7.414,-0.000219726
7.416,-0.00041504
7.418,-0.0029419
7.42,-0.001672364
7.422,-0.000793458
7.424,-0.005542
7.426,-0.00512696
7.428,-0.000939942
7.43,0.00201416
7.432,0.00123291
7.434,0.00307618
7.436,0.00603028
7.438,0.001660156
7.44,-0.0043457
7.442,-0.001635742
7.444,0.00012207
7.446,-0.000732422
7.448,-0.00135498
7.45,-0.00238038
7.452,-0.00222168
7.454,0.000561524
7.456,-0.00308838
7.458,-0.00388184
7.46,0.001513672
7.462,0.00338134
7.464,4.88282E-05
7.466,0.000146484
7.468,0.000561524
7.47,-0.0025879
7.472,-0.000256348
7.474,-0.00297852
7.476,-0.001501464
7.478,0.000854492
7.48,-0.00090332
7.482,-0.001293946
7.484,0.001379394
7.486,0.00357666
7.488,0.00262452
7.49,0.00283204
7.492,0.0039917
7.494,-0.00372314
7.496,-0.000268554
7.498,-0.000402832
7.5,0.000268554
7.502,0.000354004
7.504,-0.000927734
7.506,0.000341796
7.508,-0.00098877
7.51,-0.000219726
7.512,-0.0059082
7.514,-0.001403808
7.516,0.00339356
7.518,0.00323486
7.52,-0.000976562
7.522,-0.00233154
7.524,-0.00255126
7.526,-0.000769042
7.528,-0.000891114
7.53,0.001635742
7.532,-0.001513672
7.534,-0.000939942
7.536,0.001293946
7.538,-0.000256348
7.54,-0.001916504
7.542,0.00285644
7.544,-0.000476074
7.546,-0.00356446
7.548,-0.00270996
7.55,-0.000463868
7.552,-0.000671386
7.554,-0.002417
7.556,-0.002417
7.558,-0.00218506
7.56,-0.00263672
7.562,6.10352E-05
7.564,-0.001452636
7.566,0.001464844
7.568,0.005896
7.57,0.00500488
7.572,0.00587158
7.574,0.000280762
7.576,0.002771
7.578,0.00234376
7.58,0.000195312
7.582,-0.000305176
7.584,-0.0020996
7.586,-0.001269532
7.588,-0.0029419
7.59,-0.00471192
7.592,-0.0026001
7.594,-0.00355224
7.596,-0.000231934
7.598,0.000439454
7.6,0.001733398
7.602,0.00200196
7.604,0.001708984
7.606,0.0029663
7.608,-0.000500488
7.61,0.00515136
7.612,0.00307618
7.614,-0.000036621
7.616,-0.00036621
7.618,0.00041504
7.62,0.00266114
7.622,0.00206298
7.624,-0.00316162
7.626,-0.001953124
7.628,-0.00437012
7.63,-0.0085205
7.632,-0.00345458
7.634,-0.00147705
7.636,-0.0033081
7.638,-0.00334472
7.64,-0.00299072
7.642,-0.00280762
7.644,-0.001367188
7.646,0.001330566
7.648,-0.001269532
7.65,0.000671386
7.652,0.000927734
7.654,0.00229492
7.656,0.00443116
7.658,0.00593262
7.66,0.001269532
7.662,-0.00236816
7.664,0.001464844
7.666,0.001965332
7.668,0.00388184
7.67,0.00212402
7.672,-0.001037598
7.674,-0.001989746
7.676,-0.00302734
7.678,0.000280762
7.68,-0.001818848
7.682,-0.001916504
7.684,-0.00197754
7.686,-0.00203858
7.688,-0.000256348
7.69,-0.00131836
7.692,0.001245118
7.694,0.000268554
7.696,-0.000292968
7.698,-0.00332032
7.7,0.000817872
7.702,0.00264892
7.704,0.00413818
7.706,-0.00114746
7.708,-0.00274658
7.71,0.00299072
7.712,0.00939942
7.714,-0.000817872
7.716,-0.00722656
7.718,-0.00024414
7.72,0.001489258
7.722,0.001501464
7.724,-0.00393066
7.726,-0.00563964
7.728,-0.000488282
7.73,-0.00441894
7.732,-0.0038086
7.734,-0.00229492
7.736,-0.00212402
7.738,-0.000476074
7.74,0.00219726
7.742,0.001538086
7.744,-0.001843262
7.746,-0.00041504
7.748,0.00212402
7.75,0.00268554
7.752,0.00280762
7.754,0.00119629
7.756,0.001293946
7.758,0.00345458
7.76,-0.00053711
7.762,-0.000231934
7.764,0.000915528
7.766,0.00422364
7.768,0.00340576
7.77,-0.000561524
7.772,0.000585938
7.774,-0.000952148
7.776,-0.00177002
7.778,0.000769042
7.78,-9.76562E-05
7.782,0.000341796
7.784,-0.00123291
7.786,-0.0046997
7.788,-0.003125
7.79,-0.002771
7.792,-0.00314942
7.794,-0.000280762
7.796,0.00413818
7.798,0.001745606
7.8,-0.00430908
7.802,-0.00426026
7.804,0
7.806,0.000854492
7.808,0.00041504
7.81,-0.0032959
7.812,0.00192871
7.814,0.00147705
7.816,-0.00252686
7.818,-0.000036621
7.82,0.0008667
7.822,-0.001989746
7.824,0.000952148
7.826,0.00283204
7.828,-0.00078125
7.83,0.000732422
7.832,-0.00230712
7.834,-0.001574708
7.836,-0.00213624
7.838,-0.001965332
7.84,-0.000549316
7.842,0.001538086
7.844,0.001733398
7.846,0.000219726
7.848,0.001367188
7.85,0.00562744
7.852,0.00307618
7.854,-0.0067871
7.856,-0.001037598
7.858,0.00239258
7.86,-0.000170898
7.862,-0.001818848
7.864,-0.00424804
7.866,-0.00351562
7.868,-0.00205078
7.87,-0.001281738
7.872,-0.001257324
7.874,0.000317382
7.876,0.000036621
7.878,0.001831054
7.88,0.0038086
7.882,0.00065918
7.884,-0.000610352
7.886,0.0022461
7.888,0.00419922
7.89,-0.0008667
7.892,-0.00308838
7.894,-0.001867676
7.896,0.000976562
7.898,0.00203858
7.9,-0.001574708
7.902,-0.00197754
7.904,-0.00255126
7.906,-0.000720214
7.908,-0.00205078
7.91,0.00135498
7.912,0.00612792
7.914,0.00327148
7.916,0.00548096
7.918,0.0076538
7.92,-0.00751954
7.922,-0.0043335
7.924,0.00214844
7.926,0.00219726
7.928,-0.000671386
7.93,-0.00201416
7.932,-0.00753174
7.934,-0.01027832
7.936,-0.00429688
7.938,0.00256348
7.94,0.00336914
7.942,0.000134277
7.944,-0.00343018
7.946,-0.00251464
7.948,0.0027832
7.95,-0.000317382
7.952,0.000732422
7.954,0.0008667
7.956,-0.00551758
7.958,-0.00534668
7.96,-0.001745606
7.962,-0.00045166
7.964,-0.00057373
7.966,-0.0020874
7.968,-0.001879882
7.97,-0.000744628
7.972,0.001611328
7.974,0.00205078
7.976,0.000610352
7.978,-6.10352E-05
7.98,0.001184082
7.982,0.00424804
7.984,0.00219726
7.986,-0.000195312
7.988,0.000463868
7.99,0.00189209
7.992,0.00324708
7.994,-0.00217286
7.996,-0.0022583
7.998,-0.000549316
8,-0.000708008
8.002,-0.00430908
8.004,-0.00290528
8.006,-0.001452636
8.008,-0.00246582
8.01,-0.00036621
8.012,-0.001745606
8.014,-0.00317382
8.016,-0.00338134
8.018,0.001538086
8.02,0.00438232
8.022,0.003479
8.024,0.00291748
8.026,-0.000549316
8.028,-6.10352E-05
8.03,0.001391602
8.032,0.0020996
8.034,0.001550292
8.036,-0.00012207
8.038,-0.00281982
8.04,-0.001721192
8.042,-0.000891114
8.044,0.00216064
8.046,0.000744628
8.048,-0.00612792
8.05,-0.00526124
8.052,0.000671386
8.054,0.001171876
8.056,-0.000231934
8.058,0.000219726
8.06,-0.00024414
8.062,6.10352E-05
8.064,0.000109863
8.066,0.000427246
8.068,0.00474854
8.07,-0.000109863
8.072,0.00078125
8.074,0.001623536
8.076,-0.00065918
8.078,-0.003833
8.08,-0.00428466
8.082,-0.00135498
8.084,0.00275878
8.086,0.00396728
8.088,0.0022461
8.09,-0.000158691
8.092,-0.00634766
8.094,0.00319824
8.096,0.00561524
8.098,0.001855468
8.1,0.000927734
8.102,-0.00498046
8.104,-0.00759278
8.106,-0.00568848
8.108,-0.00256348
8.11,-0.0039917
8.112,-0.00584716
8.114,-0.0032837
8.116,-0.00240478
8.118,-0.00229492
8.12,-0.0031128
8.122,0.000146484
8.124,-0.00012207
8.126,-0.000878906
8.128,-0.000268554
8.13,0.00235596
8.132,0.00388184
8.134,-0.001757812
8.136,-0.0032837
8.138,-0.000305176
8.14,0.00203858
8.142,0.000610352
8.144,-0.000964356
8.146,-0.000805664
8.148,0.000158691
8.15,-0.000878906
8.152,-0.00203858
8.154,-0.000036621
8.156,0.000476074
8.158,0.001342774
8.16,0.001184082
8.162,0.000732422
8.164,-0.001171876
8.166,-0.001721192
8.168,0.00189209
8.17,0.001049804
8.172,-0.001550292
8.174,-0.00177002
8.176,-0.000268554
8.178,0.000952148
8.18,0.00266114
8.182,0.00268554
8.184,-0.00352784
8.186,-0.00490722
8.188,0.000805664
8.19,0.00228272
8.192,0.000646972
8.194,-0.00236816
8.196,-0.00252686
8.198,-0.000598144
8.2,-0.0020752
8.202,-0.001330566
8.204,-0.00257568
8.206,-0.000720214
8.208,-0.000463868
8.21,-0.001000976
8.212,-0.001342774
8.214,-0.001464844
8.216,-0.001391602
8.218,-0.001379394
8.22,0.000927734
8.222,0.00255126
8.224,-0.000598144
8.226,-0.00384522
8.228,-0.000305176
8.23,0.00135498
8.232,0.000744628
8.234,0.00250244
8.236,0.001049804
8.238,-0.00234376
8.24,-0.0048584
8.242,-0.001989746
8.244,0.001135254
8.246,0.00053711
8.248,-0.001281738
8.25,0.000195312
8.252,-0.001000976
8.254,-0.00427246
8.256,-0.000952148
8.258,0.001037598
8.26,-0.000830078
8.262,-0.000805664
8.264,0.001293946
8.266,0.000744628
8.268,-0.001403808
8.27,-0.000939942
8.272,0.00274658
8.274,0.00268554
8.276,0.000305176
8.278,-0.001208496
8.28,0.001257324
8.282,0.00270996
8.284,-0.00036621
8.286,-0.00422364
8.288,0.000524902
8.29,0.000463868
8.292,-0.00168457
8.294,-0.00410156
8.296,-0.0029419
8.298,-0.001525878
8.3,-0.001623536
8.302,-0.0022583
8.304,-0.00218506
8.306,-0.00102539
8.308,-0.000817872
8.31,-0.001538086
8.312,-0.001794434
8.314,0.00020752
8.316,0.002771
8.318,0.000354004
8.32,-0.00286866
8.322,-0.000292968
8.324,0.000378418
8.326,0.00045166
8.328,-0.00065918
8.33,-0.001306152
8.332,-0.000561524
8.334,-8.54492E-05
8.336,-0.0008667
8.338,-0.000292968
8.34,6.10352E-05
8.342,-0.00078125
8.344,-0.00020752
8.346,0.001940918
8.348,0.00036621
8.35,-0.00192871
8.352,-0.001171876
8.354,-0.000964356
8.356,-0.000390624
8.358,0.000476074
8.36,-0.00078125
8.362,-0.000805664
8.364,-0.00266114
8.366,-0.00202636
8.368,-0.000158691
8.37,-0.000183105
8.372,-0.00147705
8.374,-0.000292968
8.376,-0.000036621
8.378,-0.000305176
8.38,-0.001159668
8.382,6.10352E-05
8.384,0.000170898
8.386,0.001660156
8.388,0.001550292
8.39,-0.00197754
8.392,0.001330566
8.394,0.00272216
8.396,-0.001635742
8.398,-0.00201416
8.4,-0.00299072
8.402,-0.000598144
8.404,7.32422E-05
8.406,-0.00220948
8.408,-0.0024292
8.41,-0.00245362
8.412,0.000500488
8.414,-0.001513672
8.416,-0.000927734
8.418,-0.000878906
8.42,-0.000024414
8.422,-0.001416016
8.424,-0.000109863
8.426,0.00405274
8.428,0.001135254
8.43,-0.00474854
8.432,-0.00437012
8.434,0.001428222
8.436,0.001208496
8.438,-0.000598144
8.44,-0.001708984
8.442,-0.000952148
8.444,-0.000305176
8.446,-0.001037598
8.448,-0.001708984
8.45,0.0006958
8.452,0.001171876
8.454,-0.000939942
8.456,-0.001330566
8.458,0.000463868
8.46,-0.000109863
8.462,-0.0022583
8.464,-0.000964356
8.466,-0.00045166
8.468,0.0015625
8.47,0.00036621
8.472,-0.0032959
8.474,-0.0026123
8.476,0.000500488
8.478,0.001672364
8.48,-0.001330566
8.482,-0.00246582
8.484,-0.00020752
8.486,-0.001525878
8.488,-0.00102539
8.49,-0.00012207
8.492,0.000732422
8.494,-0.0006958
8.496,-0.00385742
8.498,-0.000756836
8.5,0.001623536
8.502,-0.000744628
8.504,-0.001086426
8.506,-0.000854492
8.508,-0.001098632
8.51,-0.000939942
8.512,0.000476074
8.514,-0.000036621
8.516,-0.001623536
8.518,-0.000585938
8.52,0.00012207
8.522,0.000256348
8.524,-0.001171876
8.526,-0.001757812
8.528,0.000219726
8.53,-0.000231934
8.532,-0.001123046
8.534,-0.000756836
8.536,-0.00020752
8.538,0.001269532
8.54,-0.000939942
8.542,-0.001135254
8.544,0.00012207
8.546,-0.000280762
8.548,-0.000732422
8.55,0.000854492
8.552,0.000268554
8.554,-0.000964356
8.556,0
8.558,-0.000549316
8.56,0
8.562,-0.000610352
8.564,-0.000134277
8.566,-0.001403808
8.568,-0.00135498
8.57,-0.001525878
8.572,-0.001293946
8.574,-0.001428222
8.576,0.001281738
8.578,-0.000292968
8.58,-0.00223388
8.582,-0.000915528
8.584,0.00057373
8.586,-0.000427246
8.588,-0.000756836
8.59,0.001184082
8.592,-0.000524902
8.594,0.000634766
8.596,-0.00217286
8.598,-0.001452636
8.6,-0.000305176
8.602,-0.00045166
8.604,-0.001000976
8.606,0.000463868
8.608,-0.001428222
8.61,-0.00229492
8.612,-0.001281738
8.614,-0.00045166
8.616,-0.000256348
8.618,-0.000854492
8.62,-0.000610352
8.622,-7.32422E-05
8.624,0.000341796
8.626,-0.000634766
8.628,-0.000354004
8.63,-0.000683594
8.632,0.00024414
8.634,-0.000183105
8.636,-0.000732422
8.638,-0.000927734
8.64,0.000292968
8.642,-0.000158691
8.644,-0.000756836
8.646,-0.00065918
8.648,0.000183105
8.65,-0.000256348
8.652,-0.000439454
8.654,0.000524902
8.656,0.000500488
8.658,-9.76562E-05
8.66,-0.000305176
8.662,0.000500488
8.664,-9.76562E-05
8.666,-0.000756836
8.668,-0.00114746
8.67,-0.001464844
8.672,-0.000354004
8.674,-0.001000976
8.676,-0.001184082
8.678,-0.0008667
8.68,-0.00012207
8.682,-0.001281738
8.684,-0.0020874
8.686,0.000195312
8.688,0.000134277
8.69,0.000231934
8.692,-0.00147705
8.694,-0.000830078
8.696,-0.000512696
8.698,-0.000671386
8.7,4.88282E-05
8.702,-0.000830078
8.704,-0.000305176
8.706,-0.000378418
8.708,-0.000598144
8.71,-0.000292968
8.712,0.000976562
8.714,0.000292968
8.716,0.000439454
8.718,-0.00205078
8.72,-0.000158691
8.722,0.00201416
8.724,0.001049804
8.726,-0.00032959
8.728,-8.54492E-05
8.73,-0.00213624
8.732,-0.00032959
8.734,0.000744628
8.736,0.000134277
8.738,-0.001220704
8.74,-0.00135498
8.742,-0.001660156
8.744,-0.000939942
8.746,-0.000976562
8.748,-0.00114746
8.75,-0.000683594
8.752,-0.000231934
8.754,-0.000805664
8.756,-0.001696778
8.758,-0.000195312
8.76,-0.000634766
8.762,-0.001208496
8.764,-0.000109863
8.766,-0.000012207
8.768,-0.000646972
8.77,-0.000744628
8.772,-0.000354004
8.774,-0.000390624
8.776,-0.000305176
8.778,-0.000012207
8.78,0.000708008
8.782,0.000769042
8.784,-0.000708008
8.786,-0.000964356
8.788,-0.00024414
8.79,-0.000219726
8.792,-0.000231934
8.794,-9.76562E-05
8.796,-0.00036621
8.798,-0.000915528
8.8,0.000036621
8.802,0.000158691
8.804,0.001037598
8.806,0.00024414
8.808,0.000378418
8.81,-0.000585938
8.812,-0.000292968
8.814,0.000012207
8.816,0.00201416
8.818,0.001672364
8.82,-0.000219726
8.822,-0.001330566
8.824,-0.000610352
8.826,0.001159668
8.828,0.000439454
8.83,-0.000500488
8.832,-0.001086426
8.834,-0.0032837
8.836,-0.001904296
8.838,-0.001831054
8.84,-0.00177002
8.842,-0.00180664
8.844,-0.00285644
8.846,-0.000476074
8.848,-0.001367188
8.85,-0.001293946
8.852,0.000231934
8.854,0.00012207
8.856,-0.000170898
8.858,-0.0006958
8.86,6.10352E-05
8.862,0.000427246
8.864,-0.001586914
8.866,-0.00065918
8.868,8.54492E-05
8.87,-0.00020752
8.872,-0.000622558
8.874,-0.000708008
8.876,-0.000109863
8.878,-0.000158691
8.88,0
8.882,-0.000256348
8.884,-0.000219726
8.886,-0.00036621
8.888,-0.000671386
8.89,0.000231934
8.892,-0.000439454
8.894,-0.000268554
8.896,-0.00012207
8.898,-4.88282E-05
8.9,-0.000427246
8.902,-0.000109863
8.904,-0.00102539
8.906,-0.000378418
8.908,0.0008667
8.91,0.000256348
8.912,-0.000402832
8.914,0.001525878
8.916,0.00213624
8.918,0.000915528
8.92,6.10352E-05
8.922,-0.001367188
8.924,-0.000280762
8.926,0.000524902
8.928,-0.000500488
8.93,-0.00203858
8.932,-0.001599122
8.934,-0.001794434
8.936,-0.001611328
8.938,-0.001940918
8.94,-0.00235596
8.942,-0.00057373
8.944,-0.000354004
8.946,0.001574708
8.948,0.001306152
8.95,-0.00135498
8.952,-0.000939942
8.954,-0.000500488
8.956,0.000439454
8.958,-0.000598144
8.96,-0.00119629
8.962,-0.000744628
8.964,-0.000012207
8.966,-0.001306152
8.968,-0.00147705
8.97,-0.001794434
8.972,-0.001062012
8.974,0.000280762
8.976,-0.001037598
8.978,-0.00020752
8.98,-0.00036621
8.982,-0.001062012
8.984,-0.000427246
8.986,-9.76562E-05
8.988,-0.000708008
8.99,-0.00012207
8.992,-0.000805664
8.994,-0.000512696
8.996,-0.000878906
8.998,-0.000512696
9,0.000378418
9.002,-0.00032959
9.004,-0.000915528
9.006,-0.000756836
9.008,-0.000280762
9.01,-0.000195312
9.012,-0.000256348
9.014,-0.000317382
9.016,-0.000598144
9.018,-0.0006958
9.02,-0.00041504
9.022,0.00032959
9.024,-0.000549316
9.026,-0.000744628
9.028,-0.000683594
9.03,7.32422E-05
9.032,-0.000744628
9.034,-0.00065918
9.036,0.000646972
9.038,-0.000341796
9.04,-0.001306152
9.042,-0.000671386
9.044,-0.001184082
9.046,-0.000402832
9.048,0.000317382
9.05,-0.000256348
9.052,-0.000854492
9.054,-0.001135254
9.056,-0.000256348
9.058,0.000952148
9.06,0.000146484
9.062,-0.0006958
9.064,-0.000390624
9.066,-0.00065918
9.068,-0.00032959
9.07,-0.001306152
9.072,-0.000744628
9.074,-0.000927734
9.076,-0.00065918
9.078,-0.000976562
9.08,-0.000549316
9.082,-0.000939942
9.084,0.00032959
9.086,0.001940918
9.088,-0.000463868
9.09,-0.00200196
9.092,-0.001501464
9.094,0.000512696
9.096,-8.54492E-05
9.098,-0.001086426
9.1,-0.00203858
9.102,-0.001184082
9.104,-0.001538086
9.106,-0.000952148
9.108,-0.000646972
9.11,-0.000158691
9.112,0.001013184
9.114,-0.00144043
9.116,-0.000927734
9.118,4.88282E-05
9.12,-0.000256348
9.122,-0.000183105
9.124,-0.000158691
9.126,9.76562E-05
9.128,-0.000805664
9.13,-0.001611328
9.132,0.00020752
9.134,0.000500488
9.136,-0.00078125
9.138,-0.00045166
9.14,-0.000036621
9.142,0.000500488
9.144,0.000830078
9.146,-8.54492E-05
9.148,-0.00041504
9.15,0.001745606
9.152,0.00220948
9.154,0.00032959
9.156,-0.000891114
9.158,-0.000720214
9.16,-0.001184082
9.162,-0.000341796
9.164,-0.001098632
9.166,-0.001782226
9.168,-0.00135498
9.17,-0.001489258
9.172,-0.001135254
9.174,-0.000756836
9.176,-0.000561524
9.178,-0.000720214
9.18,0.000976562
9.182,0.000354004
9.184,-0.000170898
9.186,0.000146484
9.188,-0.000256348
9.19,-0.000952148
9.192,-0.000378418
9.194,8.54492E-05
9.196,-0.000939942
9.198,-0.00065918
9.2,-0.00032959
9.202,-0.000280762
9.204,-0.001330566
9.206,-0.00053711
9.208,-0.000549316
9.21,-0.000854492
9.212,0.000268554
9.214,4.88282E-05
9.216,-0.000830078
9.218,-6.10352E-05
9.22,0.000012207
9.222,-0.000195312
9.224,0.001184082
9.226,0.0015625
9.228,-0.000231934
9.23,-0.001416016
9.232,0.000622558
9.234,0.001367188
9.236,-0.001184082
9.238,-0.001538086
9.24,-0.00135498
9.242,-0.000683594
9.244,-0.00203858
9.246,-0.000927734
9.248,-0.00144043
9.25,-0.000708008
9.252,-0.000976562
9.254,-0.000036621
9.256,-0.001086426
9.258,-0.000183105
9.26,-6.10352E-05
9.262,0
9.264,0.00020752
9.266,-0.000317382
9.268,-0.001818848
9.27,-0.000976562
9.272,-0.000598144
9.274,-0.000231934
9.276,-0.000842286
9.278,-0.00144043
9.28,-0.001391602
9.282,-0.000671386
9.284,-0.00045166
9.286,-0.000341796
9.288,-8.54492E-05
9.29,-0.000488282
9.292,-0.000231934
9.294,-0.00024414
9.296,0.000354004
9.298,-0.00078125
9.3,-0.000683594
9.302,-0.00036621
9.304,-0.000268554
9.306,-0.000354004
9.308,-0.000817872
9.31,-0.000793458
9.312,-0.001184082
9.314,-0.00020752
9.316,-8.54492E-05
9.318,-8.54492E-05
9.32,-8.54492E-05
9.322,-0.000170898
9.324,0.000744628
9.326,9.76562E-05
9.328,0.000378418
9.33,0.001501464
9.332,-6.10352E-05
9.334,-0.0008667
9.336,-0.000195312
9.338,-0.000524902
9.34,-4.88282E-05
9.342,0.000195312
9.344,-0.001574708
9.346,-0.00223388
9.348,-0.001855468
9.35,-0.001171876
9.352,-0.000878906
9.354,-0.000598144
9.356,-0.00053711
9.358,-0.001525878
9.36,-0.001245118
9.362,-0.001257324
9.364,-4.88282E-05
9.366,-6.10352E-05
9.368,-0.000732422
9.37,-0.000793458
9.372,0.000158691
9.374,0.001037598
9.376,-0.00032959
9.378,-0.001586914
9.38,-0.0008667
9.382,-0.000292968
9.384,0.000378418
9.386,0.000195312
9.388,-0.00041504
9.39,-0.00211182
9.392,-0.001599122
9.394,-6.10352E-05
9.396,-0.000561524
9.398,-0.000769042
9.4,-0.000280762
9.402,-0.000463868
9.404,-0.00053711
9.406,-0.000109863
9.408,-0.000427246
9.41,-0.000354004
9.412,0.000195312
9.414,0.000268554
9.416,0.000292968
9.418,-0.000268554
9.42,0.000012207
9.422,-0.000170898
9.424,0.000219726
9.426,-0.00045166
9.428,-0.00041504
9.43,-0.000793458
9.432,-0.000268554
9.434,0.000476074
9.436,0.000134277
9.438,-0.001574708
9.44,-0.000927734
9.442,0.000268554
9.444,-0.00012207
9.446,-0.00020752
9.448,-0.000964356
9.45,-0.00111084
9.452,-0.000378418
9.454,-0.001281738
9.456,-0.00053711
9.458,-0.000927734
9.46,-0.000927734
9.462,-0.000793458
9.464,-0.000671386
9.466,-0.000561524
9.468,-0.00036621
9.47,9.76562E-05
9.472,0.00012207
9.474,-0.000830078
9.476,-0.0008667
9.478,-0.000756836
9.48,-0.000915528
9.482,-0.00135498
9.484,-0.001342774
9.486,-0.000939942
9.488,-0.001013184
9.49,-0.000854492
9.492,-0.001660156
9.494,-0.000805664
9.496,-0.000476074
9.498,-0.000183105
9.5,-7.32422E-05
9.502,-6.10352E-05
9.504,0.00024414
9.506,-0.000646972
9.508,-7.32422E-05
9.51,-0.00045166
9.512,-0.00102539
9.514,-0.000219726
9.516,0
9.518,-0.000183105
9.52,-0.000952148
9.522,-0.000280762
9.524,-0.001098632
9.526,-8.54492E-05
9.528,0.000170898
9.53,0.000891114
9.532,0.000817872
9.534,-0.00036621
9.536,0.000317382
9.538,0.000598144
9.54,-0.000305176
9.542,-0.000732422
9.544,-0.000463868
9.546,-0.000378418
9.548,-0.000854492
9.55,-0.00111084
9.552,-0.001635742
9.554,-0.001306152
9.556,-0.000756836
9.558,-0.000646972
9.56,-7.32422E-05
9.562,0.000390624
9.564,0.000939942
9.566,-0.000354004
9.568,-0.000915528
9.57,-0.000500488
9.572,-0.000610352
9.574,-0.000598144
9.576,-0.001269532
9.578,-0.001452636
9.58,-0.001391602
9.582,-0.002417
9.584,-0.00275878
9.586,-0.001208496
9.588,-0.001135254
9.59,-0.000976562
9.592,-0.000585938
9.594,-0.000183105
9.596,-0.000939942
9.598,-0.001208496
9.6,-0.000805664
9.602,0.000268554
9.604,0.00045166
9.606,-0.00045166
9.608,-0.001489258
9.61,-0.001086426
9.612,-0.00032959
9.614,-0.000134277
9.616,-0.000305176
9.618,-0.000488282
9.62,0.00036621
9.622,0.000427246
9.624,-0.00032959
9.626,-0.000891114
9.628,0.00020752
9.63,0.000634766
9.632,0.000439454
9.634,0.00045166
9.636,-0.000170898
9.638,-7.32422E-05
9.64,0.000793458
9.642,0.000939942
9.644,-0.00114746
9.646,-0.000402832
9.648,-0.000354004
9.65,0.000585938
9.652,-0.00090332
9.654,-0.001635742
9.656,-0.001757812
9.658,-0.000744628
9.66,-0.000756836
9.662,-0.00102539
9.664,-0.001611328
9.666,-0.00053711
9.668,0.000439454
9.67,6.10352E-05
9.672,-0.0006958
9.674,-0.000634766
9.676,0.000927734
9.678,0.00240478
9.68,-0.000317382
9.682,-0.001062012
9.684,0.000036621
9.686,-0.001184082
9.688,-0.001379394
9.69,0.000561524
9.692,0.000292968
9.694,-0.00266114
9.696,-0.0029419
9.698,-0.00201416
9.7,-0.001062012
9.702,-0.000439454
9.704,-0.000769042
9.706,-0.000878906
9.708,-0.00041504
9.71,-0.000427246
9.712,-0.00045166
9.714,-0.000231934
9.716,-8.54492E-05
9.718,-0.000720214
9.72,0.000427246
9.722,0.00036621
9.724,-0.000024414
9.726,-0.000622558
9.728,-0.000024414
9.73,0.001135254
9.732,0.001098632
9.734,0.001135254
9.736,-0.001013184
9.738,-0.000891114
9.74,0.000769042
9.742,0.000476074
9.744,6.10352E-05
9.746,-0.00032959
9.748,-0.000524902
9.75,-0.000671386
9.752,-0.000817872
9.754,-0.001428222
9.756,0.000146484
9.758,-0.000134277
9.76,0.00020752
9.762,-0.000634766
9.764,-0.000683594
9.766,-0.00290528
9.768,-0.001635742
9.77,-0.000854492
9.772,-0.001391602
9.774,-0.001745606
9.776,-0.000805664
9.778,-0.001464844
9.78,-0.001586914
9.782,-0.00053711
9.784,-0.000195312
9.786,0.000390624
9.788,-0.000891114
9.79,0.000036621
9.792,-0.000817872
9.794,0.000256348
9.796,-0.000024414
9.798,-0.001123046
9.8,-0.00119629
9.802,-0.00036621
9.804,-0.000134277
9.806,0.000549316
9.808,-0.001062012
9.81,-0.001074218
9.812,-0.00024414
9.814,0.000268554
9.816,0.00045166
9.818,0.000317382
9.82,-0.000598144
9.822,-0.000622558
9.824,-0.000598144
9.826,7.32422E-05
9.828,-0.000109863
9.83,-0.001013184
9.832,-0.001428222
9.834,-0.000964356
9.836,0.000317382
9.838,-0.000317382
9.84,-0.00057373
9.842,-0.00090332
9.844,-0.000512696
9.846,-0.000427246
9.848,0.000305176
9.85,0.00024414
9.852,-0.000256348
9.854,-0.000671386
9.856,0.000219726
9.858,-7.32422E-05
9.86,-0.000134277
9.862,-0.00111084
9.864,-0.000683594
9.866,-0.000292968
9.868,-0.00032959
9.87,-0.00065918
9.872,-0.000219726
9.874,-0.000256348
9.876,7.32422E-05
9.878,0.000500488
9.88,0.000683594
9.882,-0.00045166
9.884,0.000683594
9.886,0.00131836
9.888,0.000878906
9.89,-0.001403808
9.892,-0.0008667
9.894,-0.000708008
9.896,-0.000817872
9.898,-0.001733398
9.9,0.000854492
9.902,0.00098877
9.904,0.000952148
9.906,-0.00268554
9.908,-0.00274658
9.91,0.000012207
9.912,0.00177002
9.914,0.00114746
9.916,-0.001330566
9.918,-0.00305176
9.92,-0.00212402
9.922,-0.00114746
9.924,-0.00045166
9.926,-0.000732422
9.928,-0.000805664
9.93,-0.0008667
9.932,-0.00102539
9.934,-0.001098632
9.936,-0.000146484
9.938,-0.000390624
9.94,-0.000878906
9.942,-0.000476074
9.944,-0.000646972
9.946,-0.000598144
9.948,-0.00036621
9.95,-0.00036621
9.952,-0.000354004
9.954,0.000036621
9.956,0.00036621
9.958,0.000292968
9.96,0.000158691
9.962,-0.000378418
9.964,-0.000439454
9.966,-9.76562E-05
9.968,0.00090332
9.97,0.001733398
9.972,0.001086426
9.974,-0.00268554
9.976,-0.00123291
9.978,0.000268554
9.98,0.000634766
9.982,-6.10352E-05
9.984,-0.000585938
9.986,-0.000805664
9.988,-0.000891114
9.99,-0.000512696
9.992,-0.000646972
9.994,-0.000463868
9.996,-0.000610352
9.998,-0.001135254
10,0.000720214
